ncode,proba_0,proba_1,proba_2,proba_3,proba_4
N4541HD,0.7272834741346913,0.2064909656099622,0.06031575824258073,0.005773071785701811,0.0001367302270639561
N4397HD,0.01913033831725705,0.1416085464944043,0.2899777195367019,0.5212471174469642,0.028036278204672645
N4544HD,0.8914073944678431,0.10670701211918765,0.0014847741221551468,0.0003422746596393038,5.8544631174816284e-05
N4545HD,0.23087918301149712,0.5178256202144542,0.12818856102315396,0.08969857317169158,0.03340806257920303
N4546HD,0.6114405509472627,0.36438430832987045,0.023407521290189366,0.0006658880438386511,0.00010173138883886129
N4550HD,0.7299938732102768,0.258353146485253,0.011040874331434719,0.0005340983570549417,7.800761598053909e-05
N4551HD,0.584417314407505,0.4114756569575005,0.0030656578024769844,0.000943700929600873,9.766990291669405e-05
N4554HD,0.34135687477446597,0.5015817266735324,0.14728978815644558,0.008513429830949042,0.0012581805646070215
N4555HD,0.5336336828348147,0.4086234472015523,0.0480045264076537,0.009405599911056271,0.00033274364492300463
N4556HD,0.4267847506929554,0.38981547960849233,0.13042505367701107,0.05007830289698367,0.002896413124557628
N4563HD,0.30946781024525416,0.5156342659234769,0.1506200058068899,0.02361177313003235,0.0006661448943466465
N4567HD,0.8884667948028515,0.10758985734959714,0.0026917864753262834,0.0008557666434196138,0.00039579472880552357
N4561HD,0.816620365860602,0.1777573382910433,0.0046087850293634654,0.0008526752861636077,0.0001608355328276085
N4571HD,0.34446443304981356,0.5495751896036773,0.09963555497708285,0.005669446919888429,0.0006553754495377516
N4574HD,0.9664252486224258,0.03213293468070676,0.0012430600437209186,0.0001594986837782991,3.925796936819162e-05
N4575HD,0.6483406478081964,0.3392591233906112,0.010942548413663152,0.0012596090954251943,0.0001980712921040538
N4579HD,0.2656614251903347,0.5973895152983797,0.11642299118543839,0.01859797154412471,0.0019280967817224925
N4581HD,0.6123534141310051,0.3280063089540603,0.054694407399861665,0.004820001488763179,0.0001258680263097005
N4584HD,0.6042563447742106,0.3871403297076189,0.008138523979955807,0.0003949814092414123,6.982012897321854e-05
N4578HD,0.8513534576524167,0.13488684970693438,0.013259514642069179,0.0004295563473778505,7.062165120179034e-05
N4590HD,0.5013344439926104,0.48308760506642523,0.014905272431405093,0.0005231674911677948,0.00014951101839142436
N4593HD,0.11547101196569017,0.4227593631541793,0.2388722061334411,0.21357480790507305,0.009322610841616391
N4151HD,0.17857582801614996,0.4486052035588367,0.22709296455394945,0.14053139059161754,0.005194613279446243
N4594HD,0.8297058523639051,0.16847551193473934,0.0015648383500351279,0.0001879563147366716,6.584103658373858e-05
N4600HD,0.7705236242370067,0.21310474685918326,0.01574843847230978,0.0005670036382130922,5.6186793287187594e-05
N4605HD,0.08975140327370801,0.2937330083521284,0.4370115753466224,0.1786990563607643,0.000804956666776915
N4612HD,0.783389801172224,0.19661398272483538,0.016407474623300042,0.0034550842094137695,0.00013365727022680054
N1701HC,0.1936660806615575,0.6875788533212498,0.08763571805920525,0.021594863746443906,0.009524484211543663
N3705HD,0.001558969262054046,0.011538755071515607,0.072821702271995,0.734532246808324,0.17954832658611153
N4589HD,0.5566853605921243,0.437338581598552,0.004818807136303019,0.0009864090130059279,0.00017084166001480849
N4339HD,0.9440605254852226,0.05434437240132589,0.001422746757356378,0.00013666699130111346,3.5688364794074066e-05
N4615HD,0.006585458731486242,0.17243741399030044,0.21708589168605955,0.440344735946646,0.16354649964550777
N4618HD,0.8324121668548659,0.1596496491242901,0.0063164456321139414,0.0015586393812370574,6.309900749301661e-05
N4624HD,0.5054326966788627,0.4907572554763286,0.0035203440118372455,0.00023787775095559578,5.182608201589957e-05
N4626HD,0.8731881088992169,0.12538045920236346,0.0010738621292467215,0.0003072082487678376,5.036152040512508e-05
N4628HD,0.43302131736139665,0.4348573700623953,0.11896849964085603,0.01213206759075364,0.0010207453445984726
N4638HD,0.0047698947426384085,0.13456464546485108,0.18047738606273397,0.5507238121260463,0.12946426160373015
N4639HD,0.7600786685360819,0.2316817091090507,0.006597101744371859,0.0013862984211021607,0.00025622218939332314
N4642HD,0.8800875669800815,0.1139374537954367,0.003912112846197918,0.0019179424237156348,0.00014492395456831971
N4646HD,0.9395687092022479,0.058616242464314926,0.001635548078439843,0.00014132939516750962,3.817085982980391e-05
N4631HD,0.8684546546151471,0.1283068913434346,0.0028242785660834466,0.0003471100945141001,6.706538082064163e-05
N4656HD,0.2245108684260202,0.17586220101625857,0.38632189657818533,0.18107194042520816,0.03223309355432766
N4658HD,0.7995759430945901,0.18659938133586643,0.012002664651292277,0.0016313256168018855,0.00019068530144918921
N4661HD,0.7652723404478667,0.2175797202217053,0.015040165117433307,0.0019678534002960605,0.00013992081269865103
N4665HD,0.8500849898406326,0.14809629230261886,0.0013759788390260643,0.0003745798013927809,6.81592163297856e-05
N4667HD,0.895724580879461,0.10063383636471335,0.0033709191357878367,0.00022548435388783033,4.517926614996098e-05
N4669HD,0.5532997477310505,0.4277023580181458,0.015463685488708568,0.003171880500757994,0.00036232826133716765
N4673HD,0.2951940549054019,0.5991693903114786,0.08995631537844358,0.01125517777967154,0.004425061625004347
N0760HD,0.34342493494813753,0.6196922802219011,0.03002196381204094,0.006489825636123901,0.0003709953817966027
N4672HD,0.77672308084661,0.2055935421195771,0.016082150879390442,0.0013592067205221536,0.0002420194339003368
N2593HD,0.8434223018995215,0.14924512293847558,0.0067490958945715645,0.0004971498025746106,8.632946485673517e-05
N4677HD,0.5220668249016207,0.40174422842002516,0.06892878101613162,0.006984133809328939,0.0002760318528937372
N4680HD,0.461330156482996,0.5018365620529185,0.022524944669137032,0.011640021099336508,0.002668315695611975
N4688HD,0.11994324273473936,0.3584682971022878,0.21750471140569844,0.2368897445807264,0.067194004176548
N4689HD,0.7987526085367684,0.18612830990567225,0.01430283061153102,0.0007324633273644472,8.378761866393005e-05
N4691HD,0.027723855498940447,0.20631201059418616,0.3672623169805901,0.37005421648711423,0.02864760043916912
N4692HD,0.7955454153646013,0.16066412670358385,0.039206153035260156,0.0032000614990723036,0.0013842433974823615
N4694HD,0.21469387427311623,0.5427056497984019,0.22056634779642198,0.0197911784640123,0.0022429496680476954
N4695HD,0.18935288404975228,0.613708720805565,0.1871739745423965,0.00953126631552684,0.0002331542867592375
N4699HD,0.6015529684937295,0.39328942380870696,0.004030332884839337,0.0007610202585783331,0.00036625455414583837
N4703HD,0.3364023214961963,0.5328748362593702,0.09432898445499217,0.029793005168766606,0.006600852620674741
N4704HD,0.0014535961549947151,0.012433004699014472,0.2501384538676395,0.7340996907299274,0.0018752545484238647
N4708HD,0.927032988321766,0.0711586708828116,0.0015329283764467612,0.00021840393870707847,5.700848026855514e-05
N4714HD,0.8060713598144312,0.15055719633904485,0.038084350267523166,0.003827456264417452,0.0014596373145832626
N4721HD,0.274740522102498,0.625631832395457,0.0890108456809213,0.00986848309611341,0.0007483167250102347
N4722HD,0.836978459428982,0.1567670662003299,0.005825640741996836,0.0003493140315981617,7.951959709311355e-05
N4724HD,0.4399895945713757,0.5343012375925537,0.024736539193696193,0.0008574141878997206,0.00011521445447475591
N4726HD,0.11043186643399325,0.8275745161675456,0.06068581524360863,0.001234416157067569,7.338599778499272e-05
N4735HD,0.5968579193793182,0.3952763764900039,0.0072481727016738455,0.000385562710079727,0.00023196871892439244
N4063HD,0.3541437899872049,0.4614152699200152,0.12386783515820701,0.04909569787249394,0.011477407062078891
N4712HD,0.6456205644776559,0.3354775461832757,0.013498234908431165,0.005228130474156251,0.00017552395648108235
N4738HD,0.3456667860159187,0.45334704778228935,0.14729626420510683,0.050800444015340375,0.0028894579813447856
N4740HD,0.07428172901485093,0.3171021118855033,0.4127988901659691,0.1734661821213434,0.022351086812333228
N4742HD,0.032423809603607745,0.1181993037020923,0.374868751179455,0.4079663854404779,0.06654175007436704
N4745HD,0.8303639547600179,0.16640625697904077,0.0022647883729904387,0.0008473574376487285,0.0001176424503021876
N4747HD,0.9157981970414613,0.06918686172496827,0.013501851761247402,0.001327750768032595,0.000185338704290548
N4750HD,0.8035897276503541,0.18674651626058442,0.007687376248603439,0.001351666846244466,0.0006247129942135423
N4752HD,0.0020997937329439585,0.06594751767064982,0.3112771370206632,0.6080471444097235,0.012628407166019515
N4754HD,0.7694617293945776,0.22716610599612003,0.0029686611697351496,0.0003221423688439328,8.136107072318747e-05
N4755HD,0.48368999399240076,0.48117068148552794,0.03123544605367735,0.003073118541991459,0.0008307599264025048
N4756HD,0.5657286589502677,0.4271186763480891,0.005433883258507295,0.0010950611951073233,0.0006237202480285835
N4757HD,0.9053874959548327,0.09230110727052945,0.002027544992788775,0.00022199771123215085,6.185407061688755e-05
N4759HD,0.3623557835544079,0.5732742490140013,0.06052572483610861,0.0035197518390083886,0.0003244907564738758
N4762HD,0.7054403569105759,0.2736578824808854,0.016552950983682712,0.003845185826512578,0.0005036237983433011
N4763HD,0.7845096983900202,0.170260935318566,0.03949004383384588,0.004372917464771556,0.0013664049927964903
N4767HD,0.8430569362262841,0.15338436186913745,0.0026207186868133572,0.0008301478827895689,0.00010783533497570833
N4769HD,0.14373507550784886,0.5017436185484812,0.2573306623440212,0.09393164160651406,0.0032590019931346796
N4770HD,0.8424434739653412,0.1548730065013509,0.0022542963930023826,0.00031279662170394685,0.00011642651860142524
N4676HD,0.48046582959484374,0.3136599572462718,0.16065314371607253,0.043602491347875826,0.0016185780949359205
N4614HD,0.6061401561523668,0.37387764074589663,0.015802249721515248,0.003913044654110872,0.00026690872611042103
N4774HD,0.371060343173707,0.5720031583264042,0.05230925338064092,0.0038594243055658658,0.0007678208136822082
N4778HD,0.1402128152435278,0.6237593452998349,0.12577834191551854,0.049712292162732256,0.060537205378386395
N4780HD,0.005829350547208063,0.03104518168159905,0.32856730894849495,0.5726237360074113,0.061934422815286626
N4783HD,0.6169230496590808,0.37500201449838527,0.007531924485258282,0.00037436776958669273,0.00016864358768888562
N4789HD,0.9345056031717875,0.05261305515668745,0.011643099309995011,0.0011087793133997606,0.00012946304813026626
N4792HD,0.5345698413866735,0.46153061812854,0.0034673773726842556,0.00034162370145923054,9.053941064304745e-05
N4793HD,0.20278534577974314,0.6949924408277068,0.09524511088986883,0.006058820749474059,0.0009182817532072268
N4794HD,0.00951576741162385,0.06805535568557135,0.2433750609745538,0.6411707403940692,0.03788307553418186
N4799HD,0.7927236954471962,0.20304019858248856,0.003673482248549434,0.0004959799783714193,6.664374339433454e-05
N4800HD,0.9474136126823328,0.04990476719977109,0.002471642012499946,0.00018447144120605183,2.550666418994243e-05
N4808HD,0.2395846383868304,0.7552856305025109,0.0047649334010305255,0.0002836642412766414,8.113346835166688e-05
N4809HD,0.8316261267959941,0.13826179547184486,0.027356229508725426,0.002089244394403827,0.000666603829031785
N4634HD,0.4381706046615134,0.5091808493713458,0.047800002589860516,0.00446343112392285,0.0003851122533573445
N4784HD,0.9412310751987751,0.05600887694274519,0.002512906156761309,0.00022133732244411443,2.5804379274336684e-05
N4815HD,0.7010658190488541,0.290019166629028,0.007367342497800971,0.0013830867281598264,0.00016458509615710804
N4816HD,0.8012269424927634,0.1954069702506542,0.002716742185491078,0.0005434278787755518,0.00010591719231562299
N4817HD,0.4548555948609584,0.45125510121089496,0.09028710786835825,0.003425283476511351,0.00017691258327697985
N4818HD,0.881735769543871,0.11543202736147143,0.002293623174694264,0.0004368689599440308,0.00010171096001909596
N4821HD,0.04738461260580806,0.948577629913701,0.003667210290779613,0.00031641661178137884,5.41305779300396e-05
N4830HD,0.8674689955389926,0.1292220508449958,0.0027817095994613354,0.0004807311479130379,4.651286863718356e-05
N4748HD,0.8111680262389594,0.182435853349853,0.004501716986351388,0.0017762935305351171,0.00011810989430116942
N4684HD,0.6344334110625868,0.3591344573269723,0.005960487058139634,0.0003905379381587972,8.110661414247241e-05
N0389HD,0.0677872212009456,0.9134895159608402,0.018175535954454782,0.0004929024479993743,5.482443576023065e-05
N4796HD,0.7379013654634451,0.24418095967936293,0.016356467709455574,0.001359804554629292,0.00020140259310705223
N4834HD,0.0032959438268102504,0.03541596723187461,0.3408920414296101,0.6136838096378575,0.006712237873847488
N4835HD,0.1882282000820055,0.8068878021601875,0.004283817286599165,0.0005451539325703235,5.502653863745869e-05
N4837HD,0.6777739503275257,0.3169360422796403,0.004910386644851996,0.00030510791564528154,7.451283233668384e-05
N4838HD,0.10343046424426039,0.8817008367125485,0.014297476097782763,0.0004684780100373768,0.00010274493537081934
N4839HD,0.0806872681754696,0.4187419545778754,0.48980696608727853,0.009391424335341741,0.0013723868240346454
N4842HD,0.8543886382281911,0.13973986050214807,0.004640260453069192,0.0011317980917362846,9.944272485527528e-05
N4844HD,0.8817899813146326,0.11611768998559846,0.0018007283734539168,0.00021412489570611634,7.747543060901054e-05
N4846HD,0.1714144037521239,0.5797822224709186,0.21950332002587797,0.025460111259908547,0.0038399424911709666
N4847HD,0.7585333166462976,0.22782052634247646,0.013034212554701396,0.00050720158228894,0.00010474287423563
N4849HD,0.3685555016517634,0.5662576838991721,0.05613857330610998,0.007714765838054595,0.0013334753049000115
N4852HD,0.2283096078531049,0.3873405807179678,0.37869357209578813,0.0053724040594000854,0.0002838352737391358
N4853HD,0.6978602582837612,0.29419653355034675,0.006993430023964268,0.0008722157032815255,7.756243864640684e-05
N4856HD,0.8366790176897336,0.1542821074822959,0.00852084111266441,0.00046721150773192804,5.08222075741532e-05
N4858HD,0.8147674955884266,0.16647867760413418,0.01721220627089217,0.0014463516108577288,9.526892568918444e-05
N4860HD,0.3162456975719701,0.5443975913222936,0.11775040122887075,0.02044228862369071,0.0011640212531749846
N4861HD,0.8702935266722551,0.12537097528970187,0.00406570098331123,0.0002119840087125905,5.781304601918504e-05
N4863HD,0.532214506074076,0.4639543244818897,0.0032580213568067875,0.0004537526584558548,0.00011939542877143184
N4864HD,0.7193681679590529,0.26006250328107616,0.01950677579319534,0.0009449209303900027,0.00011763203628557105
N4866HD,0.7515686648523409,0.23567344632583248,0.011733307835991306,0.0009416609695329772,8.292001630238698e-05
N4012HD,0.7324714076672028,0.2609668377473623,0.0060782571274649744,0.0003937436926179068,8.975376535206403e-05
N4825HD,0.21223854478132637,0.618944547131338,0.12821816867668892,0.03647632291854196,0.004122416492104691
N4875HD,0.06352041868411694,0.47994937784203173,0.2593685627120826,0.17185547624500946,0.02530616451675933
N4878HD,0.02243648640002063,0.2859477218929779,0.4517975976498748,0.17355361348487025,0.06626458057225633
N4883HD,0.10664307304701456,0.3863779306640188,0.48138548091718525,0.0251182054255354,0.00047530994624599013
N4884HD,0.4405283126257672,0.5220320820822668,0.03167306761638856,0.005534639019217203,0.00023189865636015676
N4887HD,0.6191674381563335,0.36834740234201324,0.011451224536991931,0.0008856058948559141,0.00014832906980541565
N4891HD,0.7380254812845743,0.2519954785737248,0.008130596350092719,0.0017627000766938794,8.574371491440282e-05
N4892HD,0.3727445444550853,0.592623651195135,0.03374553371577637,0.0007967090914417173,8.95615425614456e-05
N4895HD,0.9280620914396611,0.07105371972627376,0.0007284693311329956,0.00012409128429429508,3.162821863813993e-05
N4899HD,0.5282313985232403,0.46269342136739455,0.008310159683060316,0.0006295615338831829,0.00013545889242165454
N4898HD,0.5560910096551501,0.419523708754145,0.022801374149139048,0.00143200937142846,0.00015189807013740747
N4902HD,0.6315214629403754,0.3573417037965489,0.006730648271385062,0.0033748176914816437,0.00103136730020914
N4904HD,0.3321598439765466,0.5258654620281276,0.112580508603584,0.027529806750906598,0.001864378640835258
N4906HD,0.6295485121614879,0.36435305497431203,0.004804095131218078,0.0010912576855627344,0.00020308004741920516
N4909HD,0.8332760935771335,0.15591080771437385,0.009834300330433622,0.0007862991021237045,0.0001924992759353012
N4912HD,0.6955387040912693,0.29431673344739073,0.009066102485023172,0.0008687815023169978,0.00020967847399991913
N4913HD,0.49869428844911745,0.4830345255044667,0.015941285436468243,0.002181462961234102,0.0001484376487135202
N4914HD,0.3556373001088528,0.5413645901074092,0.10091287794858284,0.001964714190399573,0.00012051764475554157
N4908HD,0.7663560098714675,0.23081793448399068,0.0025456340469676322,0.00021184385416801025,6.857774340624371e-05
N4937HD,0.7608584416099895,0.23248263627542043,0.005831640978860163,0.0006826183652401021,0.00014466277048985816
N4938HD,0.8760925228870124,0.12192229146861451,0.001704509962274455,0.0002124801728315971,6.819550926703129e-05
N4949HD,0.7705158454603078,0.21363208412754794,0.013598465323952086,0.002131478775203562,0.0001221263129886448
N4952HD,0.8745930880414401,0.1206717890003907,0.003946364090535106,0.0006951433069663602,9.361556066782826e-05
N4954HD,0.48703531709181735,0.425783595818426,0.08430596026826429,0.0027554607770263833,0.00011966604446592038
N7917HB,0.8939937572122337,0.10169449883009943,0.0035042385514714378,0.0007212097934967496,8.629561269857541e-05
N4951HD,0.6941433297735016,0.299428028526027,0.00582676660750536,0.00044612562219107765,0.00015574947077494778
N0385HC,0.15455465509116137,0.760660855880031,0.07040222943937885,0.011568081118564494,0.002814178470864377
N3920HD,0.6648861218746249,0.30650546295044523,0.02538569154564973,0.0029609011880163544,0.0002618224412638156
N9498GW,0.724495885256706,0.21509302324915489,0.05407049143982988,0.006129742487709989,0.00021085756659922064
N4961HD,0.8953642772187921,0.1030773385086579,0.0013176397034399376,0.0001831531342511737,5.7591434858812565e-05
N4965HD,0.7237697321669969,0.261598438608198,0.012946084840488953,0.0013553901018011235,0.0003303542825150881
N4967HD,0.8066298176319335,0.18647300605588998,0.004156314651419588,0.0020604679935011575,0.0006803936672556368
N4968HD,0.32692598822977315,0.5210861257581513,0.047226767233510956,0.09996572622442552,0.004795392554138929
N4973HD,0.7670122756935741,0.21065623692782381,0.014326166774599544,0.007843762004193672,0.00016155859980903164
N4976HD,0.04524413756334951,0.28763209118352173,0.6477318709780443,0.01904827105720331,0.0003436292178812257
N4977HD,0.7782551941303939,0.21932861249210472,0.002112588126013542,0.00020498833069725956,9.861692079050867e-05
N4978HD,0.6534706094196233,0.338724934072636,0.005054438750743615,0.0020986442140794944,0.0006513735429175989
N4982HD,0.33891474380909936,0.6277024990959117,0.0279312032105917,0.0044149667794315065,0.0010365871049658236
N4983HD,0.22843868264049685,0.6330552720674616,0.09188940435569544,0.041306982545814636,0.005309658390531588
N4984HD,0.8219004722651295,0.17292370211159863,0.004776349697114999,0.0003241632406102262,7.531268554670926e-05
N4992HD,0.011684630286011513,0.1925280437806234,0.15880627973153857,0.61472767990798,0.022253366293846406
N5000HD,0.47086299920239816,0.4761637239803921,0.04414441483247174,0.008198161477622729,0.0006307005071150499
N5006HD,0.5129933218486774,0.4681035981011113,0.011629652914023382,0.007059299135805647,0.00021412800038232683
N5007HD,0.7678341158899376,0.22161643748718304,0.007273592906017569,0.0023751982062448344,0.0009006555106169428
N5008HD,0.6504123290885029,0.337985532617149,0.010488111344988787,0.0008961022992045742,0.0002179246501547775
N5011HD,0.5414462434925472,0.45355504237521505,0.0038474666173066905,0.0010184109309145301,0.00013283658401651738
N5020HD,0.8103802461611705,0.18476871924411173,0.004185857222435159,0.0005125873837194798,0.00015258998856303467
N5024HD,0.7782998102458955,0.21929445334164868,0.0020406861223439235,0.00028392469379973724,8.112559631222859e-05
N4826HD,0.8216012008667226,0.1733713461379464,0.004099427046454137,0.0008628896608711475,6.513628800564972e-05
N5032HD,0.8631138576204567,0.12916410290721864,0.005174534198055551,0.0024399407389668914,0.00010756453530227474
N5041HD,0.8697512501970689,0.1262867597736823,0.0034183153533413847,0.0004578533016276331,8.582137427970214e-05
N5043HD,0.9401656086310947,0.056960411719945245,0.0024908888631590977,0.0003170531811647318,6.603760463618195e-05
N5044HD,0.5316076911228869,0.3996936155657268,0.05401851994381002,0.012722275074588762,0.0019578982929876277
N5045HD,0.8691029354138216,0.12954682189513603,0.0011577377124775243,0.00014493218538613433,4.757279317879516e-05
N5004HD,0.8678319850476276,0.11943630770487801,0.0097500668378392,0.002790168625853202,0.0001914717838018133
N5055HD,0.746083933030383,0.23040691821352194,0.01626491406898315,0.0068412766637670095,0.00040295802334487624
N5056HD,0.13810266067040425,0.6177412637658299,0.16011918032434858,0.052194587160926356,0.03184230807849094
N5057HD,0.5864294941326282,0.3902193947052682,0.02137683156443672,0.0018589946945773866,0.00011528490308943403
N5059HD,0.8291852053729307,0.16070320771733368,0.008577113833129809,0.0013468125196627787,0.00018766055694301314
N5061HD,0.6896648369403792,0.279717647765248,0.028655568434914104,0.0017934410296714207,0.00016850582978726847
N5018HD,0.85581994643432,0.13632368338499484,0.007196249518042229,0.0005334334810700075,0.00012668718157290656
N4896HD,0.6742314949278289,0.3091032901545242,0.01366520506799675,0.002708269041005822,0.0002917408086443241
N5064HD,0.8750783587395157,0.11504777419114598,0.006040338824354471,0.0037514842399052452,8.2044005078579e-05
N5065HD,0.3469415112313826,0.49702901577168523,0.15213070454093797,0.0037424765700807524,0.00015629188591354752
N5067HD,0.25627509331320597,0.6412026705018004,0.058479869993563506,0.04287434245009686,0.0011680237413331947
N5070HD,0.082301470506418,0.48623076260793574,0.4158022348321788,0.015325415464866852,0.0003401165886004947
N5071HD,0.6137682455876707,0.3733862454347205,0.012384684428640958,0.0003546210388377058,0.00010620351012990792
N5072HD,0.6287660381229373,0.3596716585331309,0.011021738499632772,0.0004027626341896907,0.00013780221010930554
N5074HD,0.7554945519684972,0.2198079187461958,0.021712105582311795,0.00246632546657676,0.0005190982364184984
N5075HD,0.9578978260510702,0.04084349710206947,0.0010741666353905777,0.00014539059478986963,3.9119616679875096e-05
N4923HD,0.8858898447745499,0.10664719721420957,0.006166735649103064,0.0011818653804008287,0.00011435698173664986
N5076HD,0.8334993869991821,0.1641848317131945,0.0018378766933808278,0.00031733665011102603,0.00016056794413136166
N5079HD,0.26930556789671056,0.4645674887122965,0.17510971534560482,0.08550982101111575,0.005507407034272349
N5080HD,0.5929300034538533,0.3506360457501785,0.043926376487566865,0.011953892126402427,0.0005536821819990556
N5082HD,0.9317832637627814,0.06469270595323554,0.002486570939546201,0.0009653090199067609,7.215032452996732e-05
N5083HD,0.651266951761974,0.3374581226827287,0.00790579868665055,0.0030840679571454786,0.0002850589115013048
N5085HD,0.4529483397910921,0.48025189503503896,0.06197059783663698,0.0042071738143685915,0.0006219935228633196
N5051HD,0.5715375722345246,0.39539915256091007,0.03172274877374455,0.0012277930420813384,0.00011273338873949305
N5039HD,0.030461301207379932,0.36156429286926384,0.36433499976569317,0.22396823197572177,0.019671174181941274
N5088HD,0.8770908545324948,0.1197437672525963,0.00288005935636907,0.00022928086688500456,5.6037991654886034e-05
N5091HD,0.24341553408742306,0.7534431864236794,0.0027871427284440016,0.0002817880708388971,7.234868961476088e-05
N5093HD,0.003699986475425405,0.04270494280969879,0.17737252055491784,0.724098512404196,0.052124037755761896
N5100HD,0.0032106693526108322,0.06106975395953486,0.17195659345390543,0.7483486414222998,0.015414341811649038
N5103HD,0.04796149429518973,0.5379083816909493,0.2927486227129902,0.10241811617155103,0.018963385129319745
N5104HD,0.9559043640752787,0.04181331835759454,0.0019480864836967898,0.00028869521950953246,4.553586392042944e-05
N5105HD,0.7136416763373595,0.2602672748946878,0.020856137692901674,0.0040798126832960035,0.0011550983917548757
N5106HD,0.7352183696069599,0.2596252211191241,0.003979177207072913,0.0010108553857185064,0.00016637668112465747
N5109HD,0.7243251763367272,0.2689235591275715,0.006107689234423754,0.0005195560139522372,0.0001240192873253973
N5112HD,0.6141956301478746,0.36204923695986024,0.021512935450298254,0.001990118741306685,0.0002520787006600992
N5115HD,0.8887112518536027,0.1083745040725868,0.00262246251919359,0.0002409040646750667,5.087748994189179e-05
N5120HD,0.008539915517267616,0.11093309974313485,0.1871980376639806,0.6392210479721643,0.05410789910345276
N5121HD,0.6755794372851353,0.2912432936546624,0.025222463806068702,0.006945176230792069,0.0010096290233415034
N5122HD,0.6608975541504739,0.2807514982212142,0.03877883879703732,0.018020942982734458,0.0015511658485400602
N8305HB,0.6814424736069601,0.31352981157404586,0.004131300089789857,0.0007800506269851848,0.00011636410221909639
N5126HD,0.08154516375696572,0.4111810973708242,0.24703352612244486,0.23808177808981396,0.022158434659951275
N5128HD,0.8264390560763977,0.16231793022205715,0.01031302125076687,0.0008142546320444265,0.00011573781873404163
N5133HD,0.0037053241196121265,0.07464478439390362,0.16894757203573843,0.7325226836056234,0.020179635845122335
N5135HD,0.8242324426664485,0.1693820358932987,0.00492645072496032,0.0013688907319097357,9.017998338268876e-05
N5143HD,0.87558714091813,0.12216204967697727,0.00196775277104496,0.0002182801115372832,6.477652231063638e-05
N5144HD,0.2591011739112629,0.47110710196871103,0.2392723671185401,0.029439334553036812,0.0010800224484490838
N5149HD,0.31937494411700645,0.5285152883412534,0.09365697149587379,0.05074141737350159,0.007711378672364752
N5152HD,0.6374641325169704,0.3294207569259383,0.031230545005819906,0.0016706649832783685,0.0002139005679931101
N4394HD,0.281182254611358,0.47978246802295255,0.18756153924597985,0.04873173015759265,0.0027420079621168643
N5029HD,0.22228130853699138,0.5911346175811218,0.1694230207552124,0.014880180274978626,0.0022808728516957965
N4368HD,0.9313058335106952,0.06687904442361232,0.00159235490943835,0.00017280926476595174,4.99578914881638e-05
N5013HD,0.33098543374786016,0.6314870617270966,0.027372641194469687,0.008752386426255828,0.0014024769043178102
N5153HD,0.7696692302169035,0.21285269928409747,0.014348640164794499,0.002545621359727933,0.0005838089744765785
N5157HD,0.9207377312935462,0.07621894899821595,0.0028621994993241378,0.00014470255170488888,3.6417657208889984e-05
N5170HD,0.49808025849862,0.343584449136055,0.12780126940456657,0.029044834455085555,0.001489188505672902
N5172HD,0.9076642874003701,0.08949276997922306,0.002213007743971189,0.0005104054538295151,0.00011952942260608068
N5173HD,0.7812587032116168,0.20102614444761122,0.01552055851422957,0.002015951072577999,0.00017864275396428585
N5147HD,0.46358400136917577,0.5018338781412072,0.02621324538059181,0.007665929279953132,0.0007029458290720633
N5178HD,0.7241777147152091,0.27061331617205964,0.003897140741717474,0.0011903309248116848,0.00012149744620215595
N5180HD,0.6549678613601533,0.33484996426146124,0.00830745153527046,0.0011214247977714364,0.000753298045343468
N5181HD,0.5835370620772826,0.3066545773344571,0.10537338462686345,0.004058029209661905,0.000376946751734901
N5182HD,0.9272584585718102,0.07081384781763053,0.0017734298083031748,0.00012105072465250154,3.321307760374808e-05
N5183HD,0.12060953567956711,0.8753592900003182,0.0036889546362995915,0.00027943053037413746,6.278915344105107e-05
N5185HD,0.362149422350087,0.4430705637348047,0.12004960645540952,0.06786646979323889,0.0068639376664598436
N5187HD,0.1809866260427859,0.7131535587378386,0.08508036901719022,0.018095660613912386,0.00268378558827296
N5188HD,0.4409562759605475,0.41804632150858206,0.04773116341821061,0.08936367499886573,0.0039025641137939936
N5190HD,0.014350075224959477,0.15353982228369506,0.2075998605427838,0.5877538286060188,0.03675641334254294
N5192HD,0.5621711673500329,0.43341232820232917,0.00409155703968917,0.00025525704824780663,6.969035970098764e-05
N5193HD,0.6232115210116113,0.33900926608976056,0.03080252164775769,0.0065531493664110875,0.0004235418844592471
N5197HD,0.898986775797348,0.09926518494092942,0.00156055299468474,0.00014719031157324827,4.029595546466338e-05
N5198HD,0.07624810758401204,0.5380648427375314,0.25007055593165567,0.13210894576836796,0.003507547978433045
N5199HD,0.7587556741962447,0.22966209830227183,0.009531706954488451,0.0016745558059755705,0.00037596474101933894
N5200HD,0.6464629137783272,0.3147569330688782,0.03736970127925022,0.0011969878890243778,0.0002134639845200511
N5203HD,0.0815527082454818,0.4197573273556574,0.17518440217479408,0.31096046792561755,0.012545094298449216
N5209HD,0.1379524347068701,0.41186696312474746,0.20072795309683472,0.24069919898126185,0.008753450090285853
N5212HD,0.8858337115521376,0.11236671157485519,0.0015499208779475582,0.0001918561850034742,5.779981005629275e-05
N5215HD,0.5301630575723925,0.442883759625749,0.022755921447586567,0.003860676663242341,0.00033658469102948506
N3574HD,0.8178280091744581,0.1714328944602706,0.008848254537407538,0.0015874495256244126,0.0003033923022394061
N4760HD,0.045340420481379276,0.5780546802116941,0.2896548908619515,0.07591034641753125,0.01103966202744395
N5225HD,0.6508166558899713,0.3251092886029541,0.018053600868127122,0.005834759713957885,0.00018569492498968904
N5226HD,0.6192338901209654,0.3656965514501408,0.01227249766737097,0.002621810680483435,0.000175250081039437
N5227HD,0.8673068937814918,0.12842945805780392,0.003792495069058549,0.0003803091697313821,9.084392191422908e-05
N5233HD,0.011934532507283602,0.12132792195450841,0.31476027127231443,0.5166106738866751,0.035366600379218315
N5238HD,0.9041406453513791,0.08293588082301218,0.011718763160971674,0.0010707502814906087,0.00013396038314643927
N5241HD,0.8236962702984526,0.17244154479535503,0.002939828169095395,0.0008357914354189552,8.656530167794918e-05
N5243HD,0.005456393406260844,0.09007545501460053,0.4652926616570169,0.42968119262377663,0.009494297298345061
N5246HD,0.7840367216074395,0.20106742757092805,0.012509451880444037,0.0020789250727431046,0.0003074738684452866
N5247HD,0.0011974415913744982,0.013963699540292297,0.2730834191627197,0.7094982451834955,0.002257194522118103
N5248HD,0.5971445342966474,0.3876338791332482,0.011439462974464637,0.003570954857025733,0.00021116873861400863
N5253HD,0.7618487626408137,0.19641239739040667,0.03738217240159446,0.0032949409384678387,0.0010617266287174239
N5257HD,0.0813771281521652,0.34682247628474977,0.2138122457761229,0.3398216013037893,0.01816654848317284
N5259HD,0.02302264888355976,0.10034500600938365,0.15666105022860372,0.3884911759238026,0.33148011895465024
N5262HD,0.044040511176824906,0.5108118050773938,0.4427880670433183,0.0021513670412772546,0.000208249661185838
N5266HD,0.4481080306417346,0.42091467850198966,0.12669014085984906,0.003893506393637387,0.0003936436027892322
N5270HD,0.5733879775217922,0.4225445486053232,0.0032637944927564446,0.0006850170022062774,0.00011866237792182439
N5271HD,0.7752652760550647,0.202713204509619,0.018174534173497455,0.0037090997091872727,0.00013788555263159714
N5273HD,0.7866672236946348,0.19455792833662927,0.014778764798787581,0.00372048627481997,0.00027559689512832196
N5274HD,0.8733001280895822,0.12452826030142576,0.0011316323982504966,0.0009766086500742576,6.33705606671241e-05
N5211HD,0.3833146520688953,0.49076516709451024,0.05985521245332326,0.06407196823140555,0.0019930001518656277
N4843HD,0.43227470577505506,0.4878538047023347,0.04719747024919097,0.02632230182936988,0.006351717444049406
N5287HD,0.708831280307257,0.2842050642725018,0.0054746058263722905,0.0014206028495802406,6.844674428880198e-05
N5286HD,0.0582391052140504,0.3814624645749194,0.33757581571357637,0.19009752258195547,0.032625091915498367
N5292HD,0.08269387853182188,0.3476475536515347,0.21820681008751558,0.33426560612507855,0.01718615160404924
N5294HD,0.692855710499513,0.2864158038873478,0.01986649433974983,0.0007311324784361825,0.00013085879495327397
N5296HD,0.2463380582155475,0.5536986945703174,0.14302671666322003,0.05521566429024971,0.0017208662606653462
N5298HD,0.8152629063529091,0.17979277470698565,0.0035857207012012795,0.0009781222771199718,0.00038047596178405785
N5303HD,0.7481984028428175,0.244484740385644,0.0064662849119720405,0.0007538052945177684,9.676656504863326e-05
N5305HD,0.07302509944982619,0.6100341238003357,0.2923420665799382,0.023985278164010682,0.000613432005889109
N5306HD,0.8663290418467351,0.13209960380052727,0.0012002134102524092,0.0002953289153898697,7.58120270954914e-05
N5307HD,0.1435945780807707,0.7269669135080773,0.08183908368949927,0.04183636303239823,0.005763061689254423
N5311HD,0.11927863813577096,0.6854106284940416,0.17568682640440864,0.019241685986750447,0.0003822209790283659
N5314HD,0.829252126137882,0.15873787125888808,0.007547587161684327,0.0038813311529797695,0.0005810842885657758
N5073HD,0.14128317412014335,0.5009536248213459,0.2875881637400214,0.06804239151967133,0.002132645798818088
N5277HD,0.07948087590003504,0.2841841558749403,0.32896864284242083,0.28742714418775744,0.01993918119484637
N4885HD,0.9550421457492749,0.0425159823514431,0.002144427043762508,0.00026545281963557323,3.199203588378696e-05
N5318HD,0.0391947070318696,0.5558072352122915,0.2925113700706188,0.09905560671450825,0.013431080970711945
N5321HD,0.8131148611544532,0.18360281946087917,0.0026927537725467228,0.0005086301302189062,8.093548190216418e-05
N5323HD,0.9104248139108726,0.08801342168217925,0.0013520609228978935,0.00014710194792764004,6.26015361224551e-05
N5324HD,0.7265877127870427,0.2661081925161333,0.005936094618541325,0.0010246190165523871,0.0003433810617303337
N5326HD,0.8482525318290813,0.14585656923133178,0.004530603320414374,0.0012770463135901402,8.32493055825294e-05
N5327HD,0.6160605910237417,0.36671119218135406,0.013598208884545378,0.0031240231258435024,0.0005059847845154627
N5329HD,0.20545879124529925,0.7407955769679018,0.04164959653397613,0.01126704726232778,0.0008289879904951131
N5331HD,0.8913314616079013,0.10562745228131916,0.0022689721885578106,0.0006351016723110771,0.0001370122499106822
N5332HD,0.7589907337357744,0.22918493312420668,0.008287242896543432,0.0033723744433157773,0.00016471580015978404
N5333HD,0.811241641680623,0.1829184669975421,0.005397530129397211,0.000338495871700765,0.00010386532073700629
N5334HD,0.04417243423867056,0.9530267434197359,0.002626804696282717,0.00014218336738169976,3.183427792918129e-05
N5338HD,0.009324240824021125,0.10719474243075482,0.44300604131679966,0.31484926309164124,0.12562571233678307
N5339HD,0.280173323709347,0.493615173797526,0.17768815833589607,0.03953304008417176,0.008990304073059174
N3820HD,0.08667777332034388,0.32610471219299547,0.4326068432209625,0.1277112440807358,0.02689942718496241
N5342HD,0.8077832729854606,0.18886568586923286,0.002590279597913224,0.0006082254275857471,0.00015253611980759832
N5345HD,0.5939679461416154,0.34247624914136193,0.04771463231785602,0.014709971378189347,0.001131201020977342
N5346HD,0.7669271272466344,0.23105968880485328,0.0015965448946145902,0.00035452837158691066,6.211068231087913e-05
N5348HD,0.018276447829369262,0.20228348120733702,0.2584332430123372,0.35633383988590644,0.16467298806505
N5351HD,0.457406412241919,0.4377817395921655,0.08313248399170399,0.02107589009077218,0.0006034740834392794
N5354HD,0.004514536641054036,0.038349550884875176,0.20425374529369988,0.7496848930407162,0.0031972741396547343
N5355HD,0.46946354121333966,0.5114568874655454,0.01799633047675826,0.0009501678463280266,0.00013307299802861296
N5362HD,0.702599350010784,0.28644924890006523,0.010386585273482962,0.00047547711000224275,8.933870566550772e-05
N5364HD,0.7375063395267848,0.2567056506337405,0.004420188877379274,0.0012611092072628452,0.00010671175483263498
N1264HD,0.0716166524104706,0.8923649200759713,0.032904985907664455,0.002982351335238757,0.00013109027065477484
N4985HD,0.4310872869730874,0.5601560927647019,0.005866268698014117,0.002243450757353307,0.0006469008068432988
N5368HD,0.00906537565723473,0.11232543431042072,0.2978514844816461,0.5043863695159103,0.07637133603478813
N5371HD,0.8642967163269437,0.12911179565877198,0.0059218118177398315,0.0005931332990259621,7.654289751840684e-05
N5372HD,0.7424084099227543,0.25134546090007887,0.005607481703791209,0.0005419473723502025,9.670010102557359e-05
N5373HD,0.47860462066071124,0.5172811652780659,0.0035633514855262323,0.00043418082583318357,0.00011668174986341513
N5374HD,0.8993338203248964,0.09857486738667076,0.0018894548785945789,0.0001413785479951958,6.047886184307569e-05
N5377HD,0.8404074216481192,0.15772292819460992,0.0015522635418261151,0.0002507829340216903,6.660368142310932e-05
N5379HD,0.7428850183211522,0.24973603424958038,0.005005194059168389,0.0023163508860171217,5.74024840818979e-05
N5381HD,0.02682035358696417,0.5324281365533068,0.16872312692386446,0.21613398451402815,0.05589439842183639
N5383HD,0.0707586041282808,0.5000509469703694,0.37712350961440977,0.04678721309712556,0.0052797261898143615
N5385HD,0.7149547188490583,0.270422552082832,0.013559277606754908,0.0009543507751381117,0.0001091006862167686
N5387HD,0.04089859419449811,0.5504957858416294,0.21836668990844849,0.14061324289066346,0.04962568716476058
N5388HD,0.10573813710868787,0.46550383360534,0.14462230121525782,0.2659380796376194,0.018197648433094963
N5389HD,0.06758357539910428,0.3676089788616669,0.5560121251806596,0.008567486423817102,0.00022783413475225555
N5391HD,0.6398403595529881,0.3321390628871785,0.024619666574441583,0.0024641619546621595,0.0009367490307296078
N5393HD,0.46985568230747565,0.5127127600275442,0.015772410851903233,0.0015221805563414223,0.0001369662567354378
N5395HD,0.814744866624236,0.17152623492182267,0.011925742890612549,0.0012285980693695965,0.0005745574939592945
N5397HD,0.7889902471479703,0.20049387729154247,0.008566536859020604,0.0015293226194428616,0.0004200160820237891
N5398HD,0.804397355518671,0.18674482382177657,0.007188602130446331,0.0012960539377819282,0.0003731645913241968
N5386HD,0.33527698462855,0.4070972945825663,0.25615335667182787,0.001341392638485263,0.00013097147857053256
N2483HD,0.7646913918791183,0.2111043715325041,0.020944818439879054,0.0031921504131792204,6.726773531951394e-05
N5402HD,0.8106822471591426,0.17991055422697352,0.008724534270244586,0.0005890560016870984,9.360834195215403e-05
N5404HD,0.7821866633543919,0.191323906116121,0.02306256451356778,0.002533717365557078,0.0008931486503620725
N5405HD,0.9358556612767283,0.06183878368994501,0.0020911838628547715,0.00017854651955719248,3.582465091473808e-05
N5407HD,0.3753392293916188,0.5379508032119736,0.06667459270156219,0.015580552059267177,0.004454822635578278
N5414HD,0.5023895410391285,0.49362971121743343,0.0036632857991720303,0.0002450477408009771,7.241420346507773e-05
N5415HD,0.7443052417230615,0.25000501603719927,0.004773177864335012,0.000756535363820432,0.00016002901158379066
N5416HD,0.5269213738134255,0.4609936845319152,0.011639139309505312,0.00034592450728666613,9.987783786735069e-05
N5421HD,0.7781627769364933,0.21229666746035245,0.007863271808426974,0.0012491375523846033,0.00042814624234257533
N5430HD,0.8565650344797151,0.14213321989380956,0.0010458744513004309,0.00021985616323030432,3.6015011944781766e-05
N5431HD,0.32705296009818546,0.23589902670714852,0.43499483974600006,0.001929354190509601,0.00012381925815641178
N5432HD,0.7476697730389914,0.2479965861432365,0.003569998261857163,0.0006597625345860768,0.00010388002132897219
N5437HD,0.7563326687426578,0.2366256047294159,0.006627770722464647,0.0002962374536881709,0.00011771835177341648
N4225HD,0.25413148662877555,0.5624174450307062,0.14964617775027572,0.032063306153021234,0.0017415844372212607
