ncode,proba_0,proba_1,proba_2,proba_3,proba_4
N4541HD,0.7669092865600808,0.16824916843370413,0.05904490186462713,0.005669333452618928,0.00012730968896915244
N4397HD,0.021612374165141737,0.14774900529301707,0.38560771396415816,0.43410190875434534,0.01092899782333765
N4544HD,0.8987669760556972,0.09976745730826019,0.0012243693112015067,0.00020640797273869588,3.478935210245854e-05
N4545HD,0.1850100630754882,0.5995389009183827,0.13516937977081095,0.06148081503917122,0.018800841196147017
N4546HD,0.6625216597971069,0.31746333236279767,0.019445450605470566,0.0005080636669160543,6.149356770882643e-05
N4550HD,0.7560776410899549,0.2350502184529634,0.008411890500835626,0.00041898180326776564,4.1268152978346284e-05
N4551HD,0.5749154549081357,0.4219676641400995,0.0024263657096532066,0.0006446561623624388,4.585907974927012e-05
N4554HD,0.3548795733411928,0.499265107585307,0.13538178253497504,0.00961172834234407,0.0008618081961812284
N4555HD,0.5853445736162091,0.3560715881936743,0.05024281172377141,0.00813666259094627,0.0002043638753990317
N4556HD,0.40338232777479754,0.372791787168233,0.14460880369041262,0.07727093042843182,0.0019461509381250544
N4563HD,0.2823326534427907,0.5401612172113213,0.15386325508199813,0.023102206331205927,0.0005406679326840321
N4567HD,0.9095750461962275,0.08752706877957969,0.002295356244619575,0.0004637677496789392,0.0001387610298944296
N4561HD,0.8287062964006122,0.1669471085589145,0.0034424451540743424,0.0008069817036165966,9.716818278218105e-05
N4571HD,0.32838459072071036,0.5769069633401317,0.08949965972976791,0.004730705812070657,0.0004780803973194637
N4574HD,0.9678724139359804,0.030852088506720676,0.0011286681966442876,0.00012077471224600372,2.6054648408633967e-05
N4575HD,0.6732855356503541,0.3123313470820014,0.013057090981675182,0.0011568471851348585,0.0001691791008344801
N4579HD,0.25676825205033055,0.6181145551972327,0.09877062610732619,0.024717881596579273,0.0016286850485313909
N4581HD,0.5966023666805061,0.35382883142738386,0.04477259818087563,0.0047059153587613416,9.028835247306933e-05
N4584HD,0.6490951210902001,0.3416417478117144,0.008877031140739306,0.00032846052458164736,5.7639432764655466e-05
N4578HD,0.8262712446754605,0.1600796579931322,0.013278743021756361,0.00031921596844071637,5.1138341210193974e-05
N4590HD,0.4966132674454059,0.48775123342637106,0.01515206126910778,0.00039591188473429883,8.752597438091849e-05
N4593HD,0.09823206706587939,0.4499263513676208,0.22750765931819644,0.21821637774070868,0.006117544507594726
N4151HD,0.15635291021399159,0.47034218933564037,0.25394423643578146,0.11670283020609669,0.00265783380849002
N4594HD,0.8154508739180952,0.18300176453337086,0.0013774269007107583,0.0001305732226131773,3.93614252099011e-05
N4600HD,0.7815752380374321,0.20046190121659038,0.01743113057939215,0.0004977637039678363,3.39664626174846e-05
N4605HD,0.0938839891375147,0.29641080402215386,0.42171052581313145,0.18743604155342186,0.0005586394737780433
N4612HD,0.7572838349217992,0.22783986120017624,0.01247488760926423,0.002316132868295712,8.528340046478991e-05
N1701HC,0.1901356275631672,0.7068350534694068,0.08074437173422153,0.01752219434649712,0.004762752886707444
N3705HD,0.000897128764636561,0.008281366565946737,0.08200509171944312,0.7002106724480192,0.20860574050195435
N4589HD,0.599949042089641,0.39591619230697994,0.0033799125295000745,0.000648507687358292,0.00010634538652089947
N4339HD,0.9494438298608048,0.04931881196294971,0.0011437708379278201,7.564253391741823e-05,1.7944804400288247e-05
N4615HD,0.006154560182703196,0.2209164457304305,0.19732257840529147,0.4633901964243476,0.11221621925722733
N4618HD,0.8223992456102673,0.16981298875576972,0.006657370854790628,0.00108040339110143,4.999138807093262e-05
N4624HD,0.5064498885858664,0.4901472179150696,0.0031892719512176234,0.0001837770418742929,2.9844505972183836e-05
N4626HD,0.8641276792538978,0.13482798434580506,0.0008202156527158516,0.00019660771341831884,2.7513034162835967e-05
N4628HD,0.38839528222634917,0.4585413214538409,0.13885877384024395,0.01372139818131297,0.0004832242982529632
N4638HD,0.004567486655827965,0.13788341820861788,0.14204619722187534,0.5915311523788743,0.12397174553480443
N4639HD,0.7591702101934711,0.23293581078637976,0.005945287903553341,0.0018657803733388625,8.291074325712726e-05
N4642HD,0.8726072272137113,0.1215680978560664,0.0037418094178848526,0.0019972560391182384,8.560947321926203e-05
N4646HD,0.9421353296556407,0.05612793798836631,0.0016065108155105673,0.00010580546213226534,2.4416078350133488e-05
N4631HD,0.8564364430068325,0.13996618205726785,0.0032023635071517726,0.0003425220707928281,5.248935795499901e-05
N4656HD,0.19837596322543213,0.19313353802407923,0.4032549441634714,0.18036451017086114,0.024871044416156046
N4658HD,0.8076876817549848,0.17542478508200182,0.01497918872478399,0.0017574388373090204,0.00015090560092046018
N4661HD,0.7481562913923796,0.2354660311713641,0.01421106831111169,0.00208711402695064,7.949509819390091e-05
N4665HD,0.8488006489897513,0.1496264849258469,0.0011473227207484111,0.0003805209105195531,4.502245313384934e-05
N4667HD,0.9131207490153137,0.08442613960820866,0.0023150047607701134,0.00011566388458051457,2.2442731127045946e-05
N4669HD,0.5381573290488162,0.4462755327042278,0.013759412982718867,0.0016143437925440149,0.0001933814716931056
N4673HD,0.27001350492393655,0.6149773872015281,0.10113108396425934,0.011045322924178019,0.002832700986098088
N0760HD,0.31585054990059364,0.6497774981970509,0.028608682190097583,0.0055152549951629935,0.00024801471709472877
N4672HD,0.7711912915350284,0.215782852667532,0.012131533955950019,0.0007499869003301337,0.00014433494115932024
N2593HD,0.8344739388396286,0.15779687883955695,0.007322951541852735,0.0003519556939268279,5.427508503492261e-05
N4677HD,0.5345107614189651,0.3819405884778091,0.07618584737012098,0.007229399313182715,0.00013340341992204533
N4680HD,0.4061548577514099,0.5597113281142535,0.024071793063367146,0.008448144342433767,0.0016138767285358002
N4688HD,0.09296557415381719,0.4054664728673025,0.2051801160421153,0.23589042834145335,0.06049740859531174
N4689HD,0.7741204590139723,0.21148330145601407,0.013673808431428366,0.0006674117461351912,5.50193524499928e-05
N4691HD,0.02953761201321785,0.18169690269855857,0.35709535738028797,0.41865369063812025,0.01301643726981547
N4692HD,0.7930995037782692,0.16685461394717188,0.035854885964700836,0.003599899293408608,0.0005910970164493417
N4694HD,0.1773640619014646,0.5635642228020501,0.2352041275630437,0.02237899162842934,0.0014885961050123703
N4695HD,0.1845678093334361,0.5904950938456308,0.2164311743298975,0.008354459846663472,0.00015146264437213648
N4699HD,0.6135288983211785,0.38321048316901696,0.002464615865235064,0.0005842091106437786,0.00021179353392563179
N4703HD,0.27498703355663495,0.587012932976531,0.10589108713445075,0.025228731691901977,0.006880214640481402
N4704HD,0.0010781439693340056,0.010162364198435987,0.20365648718185678,0.7833614815116097,0.0017415231387636176
N4708HD,0.9335843712826815,0.0649552200306628,0.0012554351625761462,0.00017691282842386427,2.806069565569877e-05
N4714HD,0.8284853955429264,0.13835277225809853,0.028329412741669023,0.004184011645422897,0.000648407811883123
N4721HD,0.2547615557811117,0.6534078416707664,0.08417415405553878,0.007158666220526663,0.0004977822720564797
N4722HD,0.8243871880937172,0.16965023598225693,0.0056229584206028554,0.0002871842034209122,5.243330000201401e-05
N4724HD,0.44694653706861615,0.5296971898971177,0.02262150789941899,0.0006554547902325551,7.931034461456277e-05
N4726HD,0.09891802965002323,0.8571156499565126,0.04326815843093145,0.0006544338826566985,4.37280798761106e-05
N4735HD,0.5760497696233364,0.4177407030232865,0.005778763960596066,0.000267202670632536,0.00016356072214852553
N4063HD,0.35922838058374296,0.5053035115363981,0.08826879579987176,0.03889290531742004,0.008306406762567083
N4712HD,0.7057947347127623,0.2809466627777137,0.009988750646812938,0.003192159213929639,7.769264878133981e-05
N4738HD,0.3106118441940376,0.5020885153909025,0.14633456913288242,0.03924514883998708,0.0017199224421904295
N4740HD,0.05772663017281909,0.35753295293466436,0.43158893367979373,0.13927977797196736,0.01387170524075558
N4742HD,0.02093695975385402,0.08823692522365453,0.3888820855459406,0.45793488868092413,0.04400914079562672
N4745HD,0.8404081808105934,0.15687361502462593,0.0019785851951410168,0.0006599785552540953,7.964041438556645e-05
N4747HD,0.9145552800188577,0.07316225454785505,0.01097280595266881,0.0012104808902660507,9.91785903525208e-05
N4750HD,0.8011925214456539,0.18862977254394359,0.00848955610005552,0.0012191038691570493,0.00046904604118991214
N4752HD,0.002101559715150267,0.04828119994943451,0.32852761738165315,0.6093399004081976,0.011749722545564532
N4754HD,0.7882796083369283,0.2082300842833892,0.0032141374397277587,0.00021816109491579796,5.800884503892065e-05
N4755HD,0.5519997973423116,0.41395544160263287,0.03150385694544021,0.002160330532281376,0.0003805735773340441
N4756HD,0.5719108822979287,0.42083549751277605,0.0056092555901619025,0.001157710500453983,0.0004866540986792296
N4757HD,0.9007169882730304,0.09715994547533842,0.0018933778994914,0.0001859690998458596,4.37192522938527e-05
N4759HD,0.29186020614326436,0.6416295365692477,0.06374300274477587,0.0025043117355974605,0.00026294280711466504
N4762HD,0.7203440986819907,0.26316265160145347,0.01259524510405077,0.0035845321694447365,0.0003134724430603689
N4763HD,0.801494834444666,0.16311945606430317,0.030361095938517456,0.004286066594690301,0.0007385469578231183
N4767HD,0.8433749829182002,0.15306922004990428,0.002589024427486856,0.0008921781166926796,7.459448771603573e-05
N4769HD,0.15647234343574068,0.46480476697698203,0.29180515250490513,0.08523213741707839,0.0016855996652938745
N4770HD,0.8506026490222627,0.14744891861200954,0.001637988389780283,0.0002294596044930011,8.098437145448189e-05
N4676HD,0.49284107774890273,0.2997188183052958,0.17357954650540647,0.033027998283913576,0.0008325591564813265
N4614HD,0.6098271157583384,0.3670486290765992,0.019662303601018997,0.0032863892065021333,0.00017556235754140397
N4774HD,0.33714043359817225,0.6002404198803768,0.05937706344625202,0.0027710205990031404,0.00047106247619576404
N4778HD,0.13383534107080972,0.6415552019930094,0.14239364091876483,0.045934878659834186,0.036280937357581845
N4780HD,0.00409897102371882,0.041982092714367904,0.2627235816855068,0.6346762636717849,0.05651909090462155
N4783HD,0.5988705258175333,0.39298449700246874,0.007762799306771377,0.00026085241097519523,0.00012132546225139727
N4789HD,0.9395396224683707,0.052040187459889996,0.007689210284461481,0.0006716567748299929,5.932301244774762e-05
N4792HD,0.5217204504506926,0.47458468417134636,0.003335006314754578,0.0002962274059129519,6.36316572934885e-05
N4793HD,0.15367916535868703,0.7455015756905496,0.09578516739972327,0.004474084553020396,0.000560006998019622
N4794HD,0.011073564832319645,0.06437178216496312,0.2234741364959095,0.6793391365316652,0.021741379975142586
N4799HD,0.7665042769838264,0.22977075245901046,0.003325786103524158,0.00035477840166069644,4.44060519782405e-05
N4800HD,0.9423298232225303,0.05477303855519579,0.002707829275370686,0.00016937519896007127,1.9933747943240163e-05
N4808HD,0.22218780090842202,0.7731413003795494,0.004390027297880397,0.0002349195464854394,4.595186766277198e-05
N4809HD,0.8249072558602897,0.1473358958086142,0.02567575139540389,0.0017697241062800538,0.0003113728294121151
N4634HD,0.5054389779954189,0.44060144128702283,0.04720686375044255,0.006397042277712195,0.00035567468940343814
N4784HD,0.9296309325488469,0.0676901296236875,0.0024411545982920267,0.00021896054189753984,1.8822687275972966e-05
N4815HD,0.698100936070702,0.2946733228254494,0.0060143489405149655,0.0011284353151163836,8.29568482170726e-05
N4816HD,0.8078940782221805,0.1894118401067803,0.0021316096065370927,0.0005041647012110054,5.830736329106974e-05
N4817HD,0.39107997063960653,0.5311213619854065,0.07419356788744687,0.003455583610137484,0.0001495158774025819
N4818HD,0.8938893785213562,0.1037178821286144,0.001863603163678147,0.00046784255001163855,6.129363633978704e-05
N4821HD,0.043819479024974364,0.9531503971379476,0.0027505851340814636,0.00025086559495214795,2.867310804452551e-05
N4830HD,0.8517951843462495,0.1451224909136058,0.00256954968160569,0.0004779550844836265,3.4819974055432334e-05
N4748HD,0.8050252459843754,0.188758872953392,0.004019885762695711,0.002124296437237013,7.169886229968412e-05
N4684HD,0.5802593389990344,0.4149344107480644,0.004459302462457856,0.00029043344623530347,5.651434420813319e-05
N0389HD,0.08614721881984007,0.8934832087649168,0.01990854251482783,0.00041846419256826825,4.2565707847056777e-05
N4796HD,0.7770568600553511,0.21061385483851028,0.011109411562666028,0.0011367671385911094,8.31064048816311e-05
N4834HD,0.0031864163153852653,0.038164035737736614,0.3185302984903365,0.63379762650033,0.0063216229562116045
N4835HD,0.205603524268985,0.7888345945292656,0.004936644771805977,0.0005891774417101852,3.605898823322756e-05
N4837HD,0.670196564891577,0.3251714707452879,0.004323624708095894,0.00025691915701130704,5.1420498028014945e-05
N4838HD,0.10272438161754756,0.8856450187184045,0.0113027923872259,0.00026986444007923567,5.794283674270412e-05
N4839HD,0.08835329806767088,0.370922466051538,0.530143830091507,0.00953557253444253,0.0010448332548415485
N4842HD,0.8594356894894801,0.13653626678224473,0.0033441514598637075,0.0006203297756743663,6.356249273698377e-05
N4844HD,0.8997343258881694,0.09803072502593235,0.0019695790591378634,0.00020861826453405716,5.675176222631486e-05
N4846HD,0.17239511692512974,0.6394459480355777,0.1636966428385693,0.022222388962305488,0.0022399032384178555
N4847HD,0.7517322816197298,0.23560211822046995,0.012198923062153985,0.0003985700707918956,6.810702685435591e-05
N4849HD,0.3415854712109997,0.5993340569345555,0.053596433692495005,0.004955378492447528,0.0005286596695022305
N4852HD,0.1705176890957272,0.36966366579336946,0.45434152852451304,0.005336734767561051,0.00014038181882923702
N4853HD,0.6307684767003903,0.36186079734174265,0.00661014472012534,0.0007187908101138096,4.179042762792334e-05
N4856HD,0.8534960861998023,0.14002334819772402,0.005977463023503685,0.0004700098540752755,3.309272489465113e-05
N4858HD,0.798930934903504,0.18170961954875234,0.017923114201089413,0.0013826632293241175,5.366811733012991e-05
N4860HD,0.29165267740516965,0.5172112312340567,0.15080819955787725,0.03897449581067695,0.0013533959922194972
N4861HD,0.8788125468701382,0.11780989326035127,0.0032311135531996825,0.0001131324138345053,3.331390247626407e-05
N4863HD,0.5518602057710014,0.4446786803395228,0.002902326912254115,0.0004812611629202342,7.7525814301403e-05
N4864HD,0.6582354596172576,0.3259104110603891,0.014838668776135966,0.0009609688183671458,5.449172785021283e-05
N4866HD,0.7831680967051903,0.20640538319602367,0.009642519724435816,0.0007264915259578778,5.750884839234102e-05
N4012HD,0.7025410648455676,0.29041433736747546,0.006718361003165198,0.0002546349679230445,7.160181586872484e-05
N4825HD,0.21109868266901785,0.6157220473121056,0.14051340435518714,0.030454964331035932,0.002210901332653441
N4875HD,0.04336226917084916,0.45771171065188376,0.2386718748274584,0.23616727647496014,0.024086868874848504
N4878HD,0.02229643379731525,0.22955476947111064,0.500104012282517,0.2124592151311145,0.035585569317942614
N4883HD,0.0941349257596907,0.3580500147540751,0.5323154452235439,0.015211308912309776,0.000288305350380505
N4884HD,0.43688176807047185,0.5280054741060708,0.02990565575566303,0.005056093453609361,0.0001510086141850643
N4887HD,0.5828179560430865,0.4077619817843986,0.00865327848239687,0.000685008576326205,8.177511379193572e-05
N4891HD,0.7488106153745299,0.24057557267429938,0.009149478990151682,0.0014162250749633139,4.810788605582517e-05
N4892HD,0.31172837252375163,0.6567555344990297,0.03087659801512014,0.000569126141302157,7.036882079628325e-05
N4895HD,0.9248482349627096,0.07439585737076004,0.0006291139308805429,0.00010500034908792776,2.1793386561853616e-05
N4899HD,0.5105350528708182,0.4822788246813989,0.006650625531643406,0.0004582873051199051,7.720961101960202e-05
N4898HD,0.5490379923757802,0.43389376486523396,0.01563142334095951,0.0013538555144718646,8.296390355434794e-05
N4902HD,0.6054637991866103,0.38267815794359733,0.0075818929555312555,0.0035442126425588314,0.0007319372717022238
N4904HD,0.3004142154901962,0.5512449434309078,0.10501910208806542,0.04230156468776548,0.001020174303065228
N4906HD,0.6352364986805809,0.3589751249906811,0.004702183003315337,0.0009606900411107136,0.00012550328431181263
N4909HD,0.8432401398755633,0.1477319308306263,0.00812721348035588,0.0007588685763888065,0.00014184723706566784
N4912HD,0.7223707252550275,0.2679770838351027,0.008826546570897065,0.000654926096142959,0.00017071824282971428
N4913HD,0.45799955282990623,0.5216958811917501,0.018079824298265525,0.00212139033278775,0.00010335134729027374
N4914HD,0.3503231334560103,0.5742084381536049,0.07394542640701007,0.0014532218174015074,6.978016597312955e-05
N4908HD,0.7932601101053797,0.20395868796417918,0.0025504036641732677,0.0001832309960044493,4.756727026335487e-05
N4937HD,0.7442840267241789,0.2496050027842826,0.005555236874306353,0.0004615574396064486,9.417617762553092e-05
N4938HD,0.8878584743060312,0.1106601132866972,0.0012982369094044599,0.00014819338058180868,3.4982117285238824e-05
N4949HD,0.7569809595030461,0.22690793832221173,0.012608707990941336,0.003415313630714294,8.708055308646939e-05
N4952HD,0.8644865812224551,0.13105446881246224,0.0038023050212923153,0.0005932985175589212,6.334642623138976e-05
N4954HD,0.5183254443844478,0.41862101654207856,0.060935403020351296,0.0020430387038332842,7.509734928913996e-05
N7917HB,0.8802490169157444,0.11631984076649515,0.002932997174885269,0.0004360341623777229,6.211098049755363e-05
N4951HD,0.6458387835224784,0.3486718443161555,0.005049663189627633,0.00033479192232874254,0.00010491704940964302
N0385HC,0.18182953220487752,0.750453380137653,0.05434172773053334,0.010910474216301888,0.0024648857106342554
N3920HD,0.6626868072142977,0.31554104503654634,0.018642249575174664,0.0029807140225883376,0.0001491841513928768
N9498GW,0.7377242223033256,0.21970379492319636,0.038667036928222716,0.0038136945983710787,9.125124688436523e-05
N4961HD,0.8901890616231005,0.10848294725287874,0.001126854485199056,0.00016911663452980993,3.202000429189386e-05
N4965HD,0.7080415579353484,0.2757678622898439,0.01476028057720577,0.0012203007592293332,0.00020999843837264803
N4967HD,0.8022592045545315,0.19225103375637426,0.0032534540865371874,0.001783278971056481,0.0004530286315006835
N4968HD,0.3533821024717597,0.5365778026486656,0.04299556629377562,0.06442428405335396,0.002620244532445036
N4973HD,0.7560569561498504,0.22575491172530446,0.010535980839310035,0.0075699151863761706,8.223609915895087e-05
N4976HD,0.04909581853698812,0.3037667957884872,0.6263042683861546,0.020657570228791982,0.000175547059578028
N4977HD,0.7890751500236316,0.2089672472089552,0.001713682230975793,0.00018560625520801214,5.8314281229366215e-05
N4978HD,0.6380810439585909,0.35644967853613907,0.003571926147174393,0.0014473959355885894,0.0004499554225069503
N4982HD,0.3097458244572723,0.6533698455851098,0.03198215705954641,0.004279626855872053,0.0006225460421995475
N4983HD,0.24046794098011953,0.6154230845321871,0.10001280867099396,0.0414990604878293,0.0025971053288700923
N4984HD,0.8265528856206872,0.16892864315307948,0.0042019220683700825,0.0002727474010881365,4.380175677504361e-05
N4992HD,0.01120565932668761,0.18711056286521663,0.2076945364879615,0.5799703053511891,0.0140189359689453
N5000HD,0.4598462808733042,0.48776614793337486,0.04419648380622102,0.007816202710305753,0.00037488467679409356
N5006HD,0.54372787729911,0.440825719607331,0.010350583742849624,0.004975397401317546,0.00012042194939179594
N5007HD,0.7384995706177706,0.25164875489340205,0.0074412974926465186,0.0017989149782693305,0.000611462017911598
N5008HD,0.6635226753176827,0.32217999756517035,0.013032815792701723,0.0011103232012869236,0.00015418812315838343
N5011HD,0.4787592177926074,0.5172211591083484,0.0033191769274699663,0.0006154032730261818,8.504289854805854e-05
N5020HD,0.8276430607886145,0.16839687133124218,0.003421860809668069,0.00044624707405952933,9.195999641581378e-05
N5024HD,0.8293034204128944,0.16910625176118527,0.001331553053937392,0.00021588133897958032,4.289343300346457e-05
N4826HD,0.8393442107230659,0.156136702459029,0.0035197657512257728,0.0009523831510708242,4.693791560860742e-05
N5032HD,0.8784295606008821,0.11558206991899748,0.0037171899696640948,0.0022057019497345575,6.547756072183291e-05
N5041HD,0.8780252231975265,0.11955332854547034,0.002142385873197653,0.0002386167818781317,4.044560192722632e-05
N5043HD,0.939993949177703,0.05725977938009162,0.0024577222739439676,0.00023486261887145548,5.368654938997505e-05
N5044HD,0.4691068216292881,0.4334014860847718,0.07782491239686791,0.017904056312496135,0.0017627235765760706
N5045HD,0.8652434918417123,0.1337590989501099,0.0008792308729690297,9.127165047994595e-05,2.69066847288038e-05
N5004HD,0.8733339164688253,0.11728448175380535,0.006948498951163326,0.002290732987950318,0.00014236983825575156
N5055HD,0.6983327941627795,0.2789209668285168,0.015883911578360596,0.00669499473694158,0.0001673326934014551
N5056HD,0.13579005051252932,0.6352171200857104,0.14342283268888972,0.06582952291969815,0.019740473793172408
N5057HD,0.6374532377459888,0.34145027366753916,0.019735628497513556,0.0012971613145272816,6.369877443131924e-05
N5059HD,0.8618004330113358,0.1306974620385814,0.006468924345829544,0.0009303353518509614,0.00010284525240220994
N5061HD,0.6367027577249518,0.3364301620866724,0.025352171713626664,0.0013756502551957937,0.0001392582195532776
N5018HD,0.8677020529059563,0.12478586693435234,0.007014726311108199,0.0004241707693988803,7.318307918419537e-05
N4896HD,0.6523340416636766,0.33024117938569086,0.014459556427500117,0.0027801756660492385,0.00018504685708326953
N5064HD,0.8825783746863396,0.1091204898641506,0.006032222463202143,0.002237839004454635,3.107398185312051e-05
N5065HD,0.38692180596905257,0.47989297609104353,0.12983757553680858,0.0032408813745745182,0.00010676102852084373
N5067HD,0.22079134604169676,0.7080809635135539,0.034092550219428495,0.036220639195810686,0.0008145010295101798
N5070HD,0.10277861461389408,0.5115091967750094,0.3723929893631527,0.013100543604790852,0.0002186556431530117
N5071HD,0.6853222350362685,0.2995993674236722,0.01473163706883682,0.0002778201556775388,6.894031554487053e-05
N5072HD,0.6581254308737078,0.3301394428985553,0.011304150309722356,0.0003384596310237327,9.25162869907466e-05
N5074HD,0.7538746251686403,0.22616088774352097,0.017767379159687093,0.0018318297163682177,0.00036527821178337086
N5075HD,0.9578913288745563,0.04091948156062123,0.0010505186682700787,0.00011364363597887118,2.5027260573588934e-05
N4923HD,0.8851526153678215,0.10608460475267163,0.007897694209301599,0.0007978399059842524,6.724576422090634e-05
N5076HD,0.8031377826323709,0.19488798198301105,0.0016564729222692358,0.00023102626372819294,8.673619862076602e-05
N5079HD,0.3061275283655407,0.4566944968664396,0.17227806891117609,0.06022654695236498,0.0046733589044787695
N5080HD,0.5432174921025583,0.3896395543515073,0.04862685303282128,0.01812340363811181,0.00039269687500119633
N5082HD,0.9160535591065269,0.08115726655056096,0.002159472148638878,0.0005747041634673507,5.499803080590307e-05
N5083HD,0.687488175000636,0.30301380413291235,0.0066576891387941815,0.002657102797887694,0.00018322892976977762
N5085HD,0.37717217606547626,0.5719743398063468,0.047615585330839004,0.00289679950358248,0.00034109929375530056
N5051HD,0.5276327936153933,0.4380380182220141,0.03341264692385242,0.000857733442880748,5.880779585942385e-05
N5039HD,0.028978040988353736,0.3483668554808988,0.3489619598857747,0.2472273480052951,0.026465795639677724
N5088HD,0.8812411195988302,0.11550411698568716,0.0029561119797904883,0.00026585665521079867,3.279478048134081e-05
N5091HD,0.22399998375807587,0.7730758039044372,0.002678065000490045,0.0001982153624367511,4.793197456004044e-05
N5093HD,0.005297292228598725,0.03190369113641987,0.20441531300238341,0.6896479377520268,0.06873576588057112
N5100HD,0.0027289248688038836,0.051185209942961975,0.11235545998666333,0.8162583906543806,0.017472014547190384
N5103HD,0.04247925926369387,0.5713407847772636,0.28435957460000294,0.08752592708292825,0.014294454276111363
N5104HD,0.9569932563202483,0.040957390466148845,0.0017276883692535507,0.0002943692412190322,2.72956031302845e-05
N5105HD,0.6806196549899299,0.288380575219854,0.02589103326876533,0.003901250266363379,0.00120748625508742
N5106HD,0.6667415030397856,0.3271011102439111,0.004797448224730614,0.0011907107737946002,0.00016922771777804516
N5109HD,0.7167483401463162,0.2771143779121227,0.005726310716118766,0.00033061839813196324,8.035282731050056e-05
N5112HD,0.6055018951985154,0.37123711116339597,0.020913968074539498,0.002177136710715076,0.00016988885283392984
N5115HD,0.8889987637288452,0.10795720499087454,0.0028414021650201267,0.00017043689828112382,3.219221697881153e-05
N5120HD,0.008427459883381316,0.1052097884938327,0.11306979902455952,0.730618770472631,0.04267418212559537
N5121HD,0.6193490372091961,0.3505775220520171,0.018635218203821236,0.010490021849685094,0.0009482006852805921
N5122HD,0.639480108011527,0.3175104070209548,0.027905780967267042,0.01393327454590233,0.0011704294543488799
N8305HB,0.6975606739641869,0.2975965919038422,0.003952047131847667,0.0008116893190639896,7.899768105929456e-05
N5126HD,0.08528181490307496,0.48825293281854626,0.21097963825063,0.18433277287164823,0.031152841156100473
N5128HD,0.8554031679227581,0.13591015588087982,0.00794139606106705,0.0006862103938205524,5.906974147437171e-05
N5133HD,0.0045076295228060085,0.09528664107485885,0.16620612026822507,0.7127998069237348,0.021199802210375217
N5135HD,0.8274888134326369,0.16781888936140815,0.003609195740487959,0.001026491599203882,5.660986626300958e-05
N5143HD,0.8706036121479759,0.12768980688132364,0.0015288164962668333,0.00014230058199032991,3.546389244332749e-05
N5144HD,0.2650546189770936,0.48526757709225227,0.20767962688830122,0.04094244068238638,0.0010557363599665054
N5149HD,0.3113868212468554,0.5451100986069269,0.10673618969668537,0.03253090735877818,0.004235983090754084
N5152HD,0.6252947230280786,0.3441308771125104,0.02901236123207157,0.0014571093520751252,0.00010492927526419848
N4394HD,0.2981379806263693,0.5226521850318804,0.14130038222964098,0.036364472037783105,0.0015449800743262858
N5029HD,0.22561431415501687,0.5960612736971949,0.16233338056933258,0.014523872974901025,0.0014671586035547109
N4368HD,0.930213213771585,0.06853154810268536,0.0011218661182168144,0.00010383281451050576,2.95391930021626e-05
N5013HD,0.322725948417246,0.6493050221541108,0.021098486809705354,0.006252938714218945,0.0006176039047189408
N5153HD,0.7786073746367353,0.20885325701329424,0.00961818921665862,0.0026677460078078042,0.0002534331255039606
N5157HD,0.9324071074356344,0.0653537859484376,0.0021293582037176205,9.1447978831166e-05,1.8300433379363596e-05
N5170HD,0.48336992622785163,0.36902041641590355,0.12271181540111506,0.02381602665933396,0.0010818152957958753
N5172HD,0.9164174944480618,0.0811946545888858,0.0020359032321248605,0.000279972176535381,7.197555439221944e-05
N5173HD,0.7344090411789451,0.24919686519537584,0.014701899541179116,0.001548640495699916,0.0001435535888000567
N5147HD,0.3860467327949283,0.5813330817559047,0.02715421584007523,0.005072935891515551,0.00039303371757626446
N5178HD,0.7539387935748718,0.2421389140740942,0.0030315698855705735,0.0008287170768447377,6.200538861863269e-05
N5180HD,0.6079589015079728,0.3851139520039957,0.0052489141572248195,0.0012363417719001677,0.00044189055890661057
N5181HD,0.5596874388481362,0.3198506386932728,0.11699319743962748,0.0032631658368696657,0.00020555918209376437
N5182HD,0.934622180760498,0.06405819704637461,0.0012376453705313384,6.662125934176494e-05,1.5355563254373824e-05
N5183HD,0.08425181890180464,0.9130326007950277,0.002504032215896127,0.00016876675692309044,4.278133034841009e-05
N5185HD,0.3344948978810313,0.47088593455318073,0.13125748455925176,0.0553269522836675,0.008034730722868734
N5187HD,0.1800178012138876,0.7003630630362541,0.10107204564058092,0.016629643144919656,0.0019174469643576542
N5188HD,0.3861951809480326,0.48258784966379187,0.048370551884762546,0.07937607062623772,0.0034703468771752647
N5190HD,0.01953631633173173,0.16733850512100032,0.2533590365244972,0.5223985410402942,0.037367600982476566
N5192HD,0.5588474353296038,0.4371966247034521,0.0037404133491560853,0.00017455044333043257,4.097617445761867e-05
N5193HD,0.632113064830871,0.3288826128533207,0.03134771413258029,0.007202282029859336,0.00045432615336857735
N5197HD,0.901577777040537,0.09686812685776057,0.0014114516933409268,0.00011720613174715588,2.5438276614361966e-05
N5198HD,0.09826537033978751,0.5458361046157008,0.22685412957044634,0.12677255251644987,0.0022718429576155928
N5199HD,0.8142448854060673,0.17816628831850834,0.006115034817956817,0.0012706308288429533,0.00020316062862449819
N5200HD,0.6402828937432774,0.3270144887379472,0.03143165076124781,0.0011260466575256883,0.00014492010000189147
N5203HD,0.06270788592060336,0.45590339406858416,0.19930506292993233,0.27401668342261576,0.008066973658264419
N5209HD,0.1247480510302446,0.3714563945368798,0.17693019199360394,0.3213807105005746,0.005484651938697088
N5212HD,0.8862196739560158,0.11255054744466697,0.0010736138812853207,0.00012497306734639792,3.1191650685517694e-05
N5215HD,0.5000364845786172,0.47496849252860107,0.021801998181838755,0.0029910619581972058,0.00020196275274592584
N3574HD,0.8185652335897753,0.17164153145522917,0.008303927762959433,0.00126244118503855,0.00022686600699738823
N4760HD,0.05068779465792167,0.6225460964027951,0.2295386214577429,0.0906439181199593,0.006583569361581029
N5225HD,0.6432773618762757,0.3308698701303646,0.020770772833952584,0.004960203455210837,0.00012179170419619669
N5226HD,0.6186532215216932,0.36561510558897503,0.013323737386255696,0.0023083839168605907,9.955158621548213e-05
N5227HD,0.8675089053831643,0.12768719769175224,0.004446326310689206,0.0002986508875288218,5.891972686541813e-05
N5233HD,0.012444213006694403,0.12339878099224459,0.33746069674500495,0.4874625274078824,0.039233781848173714
N5238HD,0.8969047076558242,0.09228513152607928,0.009856950844863833,0.0008891053859792552,6.410458725339208e-05
N5241HD,0.8483900291184117,0.14856634331214083,0.002384203034151514,0.0005917187838833185,6.770575141250912e-05
N5243HD,0.00527625340371465,0.07796062497753727,0.470767785952107,0.4377794963583141,0.0082158393083271
N5246HD,0.7987189854986241,0.18848470696654668,0.010833022472011001,0.0017541305874237863,0.00020915447539448698
N5247HD,0.000984060810933866,0.01032501994078783,0.17311848831074417,0.8136825374802854,0.0018898934572488166
N5248HD,0.6176344527771302,0.36624024923056037,0.013791890676843794,0.002245272569334795,8.813474613085539e-05
N5253HD,0.7817140703470999,0.18662719245161538,0.02897551435782676,0.002262742745109214,0.0004204800983488818
N5257HD,0.061391619459521075,0.3302139682623952,0.30116231310134517,0.29174747770733467,0.015484621469403997
N5259HD,0.01235871832195109,0.090737674973342,0.14289268255346282,0.406529480013624,0.34748144413762005
N5262HD,0.05050250614322762,0.6097908569361625,0.3380899280318665,0.0014938452218001207,0.0001228636669432898
N5266HD,0.45726774553812105,0.4212115828798367,0.11742298105740565,0.0037824879902829582,0.00031520253435377607
N5270HD,0.5663454022771728,0.4303552639767735,0.0027561805710436755,0.00045188990606622977,9.126326894375008e-05
N5271HD,0.7872847563046939,0.19535056779103027,0.01377708399591963,0.0035066076644109595,8.098424394537598e-05
N5273HD,0.8153923221726442,0.16969199621951314,0.011928158154851206,0.0028322562002806263,0.00015526725271079907
N5274HD,0.8750536636636272,0.12315724110475154,0.0010111229111819321,0.0007340249094604391,4.3947410978911125e-05
N5211HD,0.3614031876232793,0.5066098706471862,0.05245061718168226,0.07797007404519178,0.001566250502660523
N4843HD,0.4869515190226821,0.4497319782368018,0.04615502561132186,0.014038253012659565,0.0031232241165348646
N5287HD,0.647528622287414,0.3464438850748063,0.004949273347622001,0.0010399508329208076,3.826845723670421e-05
N5286HD,0.04575705111546869,0.39687739012129175,0.3345965246662529,0.20182446028086587,0.020944573816120842
N5292HD,0.06204747952543681,0.33961420061108905,0.3035719904114226,0.27946781537299004,0.01529851407906154
N5294HD,0.6895643418935916,0.29266168255696073,0.017022090825821047,0.000655804381976312,9.60803416502844e-05
N5296HD,0.2530748270812038,0.575754079700035,0.12692675100597517,0.042910638572781934,0.001333703640004132
N5298HD,0.8090026805818351,0.18724854209451647,0.002567515472119567,0.0009685088091345913,0.00021275304239433746
N5303HD,0.74630671649109,0.24628682234864652,0.006535396359584812,0.0008043526860535482,6.671211462509022e-05
N5305HD,0.07429565880162313,0.6845298627657785,0.22387863423951043,0.01674019952464099,0.0005556446684468913
N5306HD,0.8647859492973164,0.1338852893450866,0.0010162522144918536,0.00025970719037208623,5.2801952732988406e-05
N5307HD,0.1616607450010767,0.6924495586385662,0.09272952010992339,0.048608171732634355,0.0045520045177994475
N5311HD,0.10599912476275933,0.6486514563876744,0.23146360556005824,0.013639726816921499,0.0002460864725865693
N5314HD,0.8256519973417443,0.1649479434692136,0.006030863061254546,0.0029583200879484506,0.0004108760398390149
N5073HD,0.13953887172502183,0.48867332885066883,0.2556520987759751,0.11439959500779306,0.0017361056405410206
N5277HD,0.10840338056137541,0.3094716191641952,0.2837674056192577,0.2741883660174187,0.024169228637753004
N4885HD,0.9398654297892903,0.05772563520755073,0.0020587491563960466,0.00032064284770661215,2.9542999056041593e-05
N5318HD,0.04027242916670622,0.5613534734804722,0.28336814044593095,0.10623327465193662,0.008772682254953954
N5321HD,0.8271099989705712,0.17024004256069108,0.0022659525468388614,0.00033446208491418104,4.954383698463899e-05
N5323HD,0.9131152673696828,0.08534535457950278,0.0013665820449169656,0.00013030548609059794,4.249051980688087e-05
N5324HD,0.6946135003998803,0.29668510125269326,0.007397636817027745,0.0011006527143401438,0.0002031088160585639
N5326HD,0.8232762286903128,0.17131043536949483,0.0044393548672577695,0.0009231422782243956,5.0838794710172266e-05
N5327HD,0.5901350417359386,0.39503150831549877,0.011534472121381385,0.0030193117603415425,0.000279666066839861
N5329HD,0.24738710852406376,0.7041820004598357,0.0335193293295467,0.014451848537859652,0.00045971314869426105
N5331HD,0.8858214717179665,0.11201059582966946,0.001535921022644338,0.0005559514194625859,7.606001025725197e-05
N5332HD,0.7699348741053302,0.2196896347904485,0.00775916110888099,0.002517621370561435,9.870862477890827e-05
N5333HD,0.828013937596273,0.16664973865906407,0.005062571102682564,0.00022435183414996253,4.9400807830440245e-05
N5334HD,0.04100494113509466,0.9564871736462759,0.0023898752942560263,9.768929143891863e-05,2.0320632934402936e-05
N5338HD,0.008468340568398399,0.10092365463683754,0.4354581951404202,0.3205141965467255,0.13463561310761837
N5339HD,0.30352540020980234,0.5069717387996073,0.14785888851409246,0.03326023221686314,0.008383740259634682
N3820HD,0.0564106485607879,0.41713768701535037,0.3705301999367801,0.14037035744122567,0.015551107045855947
N5342HD,0.7943141626330683,0.20314546254537702,0.001936337406153388,0.000504637760540596,9.939965486065966e-05
N5345HD,0.5954219337397447,0.35606052098577173,0.03376497282714329,0.01411661376206035,0.0006359586852798938
N5346HD,0.7573668880673898,0.24129312162929653,0.0011114950634423704,0.00018701497085840078,4.1480269012852056e-05
N5348HD,0.01644233803696451,0.22774505091665395,0.19356640106783385,0.3683007048766453,0.19394550510190248
N5351HD,0.45653772397749914,0.465624384850673,0.058565950495873056,0.018890946823335506,0.00038099385261929124
N5354HD,0.0042967909336101085,0.03568281985064622,0.22516942168732182,0.7328901284548297,0.0019608390735921986
N5355HD,0.49528929997437815,0.4889323418262503,0.015041255531887865,0.0006430854152359518,9.401725224772365e-05
N5362HD,0.7413141247288592,0.2474148332866976,0.010694408889886863,0.0005145743442763369,6.205875027996963e-05
N5364HD,0.7602138222327304,0.2349997420462781,0.0034696470684982355,0.00124839008614904,6.839856634432835e-05
N1264HD,0.06202502493299513,0.9084169782024606,0.027532001010876127,0.0019490598694571338,7.693598421106061e-05
N4985HD,0.37521550266633125,0.6182470521028037,0.003718867824394464,0.0025075340928824965,0.0003110433135880239
N5368HD,0.011876677531513776,0.09774581866265504,0.2958373734826201,0.5644621572067245,0.030077973116486485
N5371HD,0.8664398250292059,0.12761622074931667,0.005341706231751909,0.0005563744518192205,4.587353790622616e-05
N5372HD,0.7411449192674818,0.25367790695028875,0.004608592798770649,0.0005110304244352301,5.755055902348464e-05
N5373HD,0.4973572443998552,0.4989919894284573,0.003212001033606946,0.00035220957090801143,8.655556717264872e-05
N5374HD,0.8800439970058068,0.11805178455809677,0.001762856752222388,9.774139244419238e-05,4.362029142970813e-05
N5377HD,0.8562921651570902,0.1422264718471907,0.00128273525916799,0.00016268586165558012,3.594187489568951e-05
N5379HD,0.7643798960328192,0.22903819562865296,0.004201323996438226,0.0023486557495023186,3.192859258717573e-05
N5381HD,0.027280239335407675,0.5344930391697474,0.15773371319734655,0.2230476874877275,0.057445320809770904
N5383HD,0.07899413107452034,0.5732372708916713,0.29532937453136776,0.047991551372967664,0.004447672129472794
N5385HD,0.7162803720975973,0.26928294619349574,0.01362930588475018,0.0007386410479342867,6.873477622247187e-05
N5387HD,0.037575377279424144,0.567356656849953,0.2324894566410492,0.1118016745019444,0.05077683472762927
N5388HD,0.11355403766911387,0.40398656004763567,0.1511843792399172,0.31648671983400006,0.01478830320933317
N5389HD,0.06532877147960858,0.41904478569439585,0.5050493298979922,0.010423461229941111,0.000153651698062243
N5391HD,0.590624006424677,0.3836836453666129,0.0222038296943206,0.0027085343094503337,0.0007799842049390053
N5393HD,0.4547708956451008,0.5303988660165343,0.013365831705408693,0.0013774437221206234,8.696291083548464e-05
N5395HD,0.8026561360242775,0.18441090369267205,0.011395485326702925,0.0010801856262497185,0.00045728933009761693
N5397HD,0.7830443898434749,0.20752231867496804,0.0075567731300100385,0.0016259669206078388,0.00025055143093912765
N5398HD,0.7984964745963388,0.19262849736647567,0.007569143148739302,0.0010673722692895043,0.00023851261915681503
N5386HD,0.32847143188941613,0.43302474740186997,0.23763065908686096,0.0007951019952053575,7.805962664757571e-05
N2483HD,0.7522385936616564,0.2275305521652815,0.017157567714765773,0.00303896284206403,3.4323616232413076e-05
N5402HD,0.8467991837938106,0.14688656847127693,0.005878328286610315,0.0003799999529904096,5.591949531190528e-05
N5404HD,0.7629514115653242,0.2146851036026228,0.01941425948491054,0.0021865276377824932,0.0007626977093599686
N5405HD,0.9374418676630178,0.060996150348448575,0.0014245490569859312,0.0001208577370398506,1.657519450793191e-05
N5407HD,0.3540017327830623,0.5739217664661294,0.06010744125737334,0.010394703234387001,0.0015743562590479136
N5414HD,0.5049219387489874,0.49196899386738685,0.002880469822562289,0.00018487997748119962,4.3717583582371516e-05
N5415HD,0.7326875608228752,0.26238462310813626,0.004270140007720054,0.0005608265191848749,9.684954208371359e-05
N5416HD,0.4772939844903637,0.5114035122964569,0.01099669668466799,0.00024235152624925977,6.345500226230042e-05
N5421HD,0.7797171281364234,0.2124082153832733,0.006317352408785862,0.0013215165450041512,0.00023578752651322977
N5430HD,0.8827267603119653,0.1163172142446253,0.0007970953083421675,0.0001413404821500763,1.7589652917023938e-05
N5431HD,0.3324202886735569,0.20946762011521444,0.45667160887677094,0.001369083142155923,7.139919230186028e-05
N5432HD,0.7003010006121066,0.29645853954514556,0.0027207829787727106,0.00045216140815582535,6.751545581938142e-05
N5437HD,0.6799156720503114,0.31296259887672917,0.0068431597996726655,0.00020765260303340116,7.091667025339904e-05
