ncode,proba_0,proba_1,proba_2,proba_3,proba_4
N4541HD,0.7667172372298493,0.16201719071281123,0.06719910735539561,0.003928178984358809,0.00013828571758504144
N4397HD,0.025281518057507037,0.1679941410344698,0.34070184843141094,0.440420314242282,0.025602178234330204
N4544HD,0.8913650730219251,0.10684272165937643,0.0013693303853404663,0.0003512974836341224,7.157744972394887e-05
N4545HD,0.19715918618354028,0.5266497815182872,0.15824099483220125,0.08122304255497995,0.03672699491099121
N4546HD,0.627940168838488,0.35142317668193834,0.019835130008693202,0.0007021278593344,9.939661154607026e-05
N4550HD,0.7454830250759172,0.24354396833495923,0.010485666457760334,0.0004114285260818968,7.591160528141705e-05
N4551HD,0.5249856597492288,0.4713630547540896,0.002869960843724972,0.0006907504942227202,9.057415873372524e-05
N4554HD,0.3467373034229828,0.5053776546400305,0.139599510279557,0.007293257686062279,0.0009922739713674705
N4555HD,0.5762827643566915,0.36414925810743404,0.04342941634261571,0.015714928084053635,0.0004236331092052119
N4556HD,0.38658656330653196,0.4310176819177265,0.12202057885694,0.05821935995793927,0.002155815960862377
N4563HD,0.2977290461677814,0.5002440023118799,0.1725122172952715,0.02879578789612259,0.0007189463289445184
N4567HD,0.9038905552084706,0.0925716596688659,0.0025826433828591185,0.0007373426947799797,0.0002177990450244163
N4561HD,0.8119277586376465,0.18288593021902622,0.004022129985899962,0.0010080186641650622,0.00015616249326221913
N4571HD,0.3301859757867963,0.5790386403013186,0.08443659328206014,0.005489372348971487,0.0008494182808535186
N4574HD,0.9676063601838291,0.030978328735733352,0.0012026558696179937,0.00016824068357042666,4.441452724921522e-05
N4575HD,0.6289664995651416,0.35602543661600006,0.013467784556922033,0.001323571851450988,0.0002167074104854144
N4579HD,0.2648651302249919,0.6073807895976999,0.10423786462967818,0.02091736223031243,0.0025988533173176053
N4581HD,0.6225888559755453,0.3166640020055885,0.05494972104435699,0.005651768390756057,0.00014565258375322536
N4584HD,0.635445172558328,0.35534682732301276,0.008672107835794016,0.00046111479325184094,7.477748961341367e-05
N4578HD,0.8575642578207289,0.13058319773831567,0.011380914482801676,0.0004045139453976281,6.711601275616376e-05
N4590HD,0.48439801193729914,0.49802798074807697,0.016929271093358587,0.000523723242944964,0.00012101297832032628
N4593HD,0.1067487719739045,0.4455560033311007,0.22150159977355025,0.21471629814007515,0.011477326781369415
N4151HD,0.17004276025496295,0.4382932996148273,0.24344764778001196,0.14259775269676073,0.005618539653436887
N4594HD,0.819475195994657,0.17877742684478543,0.00150744847758973,0.00016788401480221515,7.204466816569355e-05
N4600HD,0.7606842805464529,0.22335876380059153,0.015202656050224783,0.0007098535718722692,4.444603085838425e-05
N4605HD,0.09834061953864996,0.2633465525815551,0.454927999702066,0.18260583401680422,0.0007789941609247277
N4612HD,0.7873999833302303,0.19528994751929613,0.014066565541472162,0.0031093818434696245,0.00013412176553186938
N1701HC,0.19952187983163042,0.6913566705936999,0.0866677216348909,0.015612338774550077,0.0068413891652287255
N3705HD,0.0008917684581189383,0.008582173609796056,0.051778320888935005,0.7041568488723974,0.23459088817075258
N4589HD,0.5812651425777563,0.41386857387610565,0.003884744517401507,0.0007442967975575457,0.00023724223117896456
N4339HD,0.9424022020551848,0.0561190719347552,0.0013183933788410427,0.00012319302889155398,3.713960232750662e-05
N4615HD,0.005404145253085084,0.18323482580413444,0.20814356558251954,0.39465720382100244,0.20856025953925847
N4618HD,0.8431362573954658,0.1503021075046585,0.00513381022893034,0.0013338527274015723,9.397214354380236e-05
N4624HD,0.5094201147577153,0.4863386314514922,0.0039960881628160316,0.00020266014974966527,4.250547822673095e-05
N4626HD,0.8899885244076403,0.10898288399163374,0.0007727037825748383,0.0002109231885433096,4.4964629607881495e-05
N4628HD,0.41267311797764084,0.44028152653459,0.13054354298910947,0.015422412463158074,0.0010794000355016336
N4638HD,0.005917500182985034,0.12099026900862789,0.13036890822843458,0.640633738664686,0.10208958391526639
N4639HD,0.7481004351113384,0.244898798808457,0.005603890109293021,0.0011755305328256449,0.00022134543808591112
N4642HD,0.8832628512056754,0.11009317890844383,0.004102183497146423,0.002370994027110389,0.0001707923616240991
N4646HD,0.9489006212000991,0.04905014750064381,0.0018579462186172513,0.00015354863750747846,3.7736443132446033e-05
N4631HD,0.8545762329347266,0.1414986624820727,0.0033803353380668414,0.0004629498606536735,8.181938448015686e-05
N4656HD,0.17960775428042264,0.22193800433710834,0.3692484465772047,0.1810275378100262,0.04817825699523821
N4658HD,0.8168104119256038,0.17015511404432893,0.011299612239272849,0.0015373902415831038,0.00019747154921139127
N4661HD,0.764523676461561,0.2199581008985013,0.01351071803688173,0.001890055498355081,0.00011744910470087684
N4665HD,0.850086098630982,0.14836061251697724,0.0010627424914709637,0.00040514683122703935,8.539952934287062e-05
N4667HD,0.9043225347638144,0.09266024888447189,0.0028550198357885294,0.00012929936459858416,3.289715132659526e-05
N4669HD,0.5442748705490046,0.4394002006567678,0.013770783231707754,0.0022853506354616245,0.0002687949270581857
N4673HD,0.29516875862076536,0.6021298983057319,0.08657308961853726,0.009165921546342892,0.006962331908622747
N0760HD,0.36150276968568396,0.6013244840433166,0.03101625607234919,0.005815513082848391,0.0003409771158018867
N4672HD,0.7903588180436362,0.19409184412792796,0.01447759364264152,0.0008388996201361837,0.00023284456565816355
N2593HD,0.8427966383782042,0.1488910694982979,0.00777983409008307,0.00044278988057189754,8.966815284309155e-05
N4677HD,0.5334026024376027,0.3989848848777683,0.06091179009570745,0.00646195081038998,0.00023877177853147917
N4680HD,0.4419544700824315,0.5247580750290041,0.02058215096462144,0.010193840525195178,0.0025114633987478735
N4688HD,0.09663718619364613,0.37151783779923286,0.22782894257151684,0.2457680014964209,0.058248031939183244
N4689HD,0.839139157772002,0.14937320237426982,0.010821628594795601,0.000592110332484312,7.390092644836198e-05
N4691HD,0.04459063814841401,0.24721677360183447,0.3358513892031058,0.34242359376000525,0.029917605286640385
N4692HD,0.7843982078198246,0.18022056229556133,0.030774525869802127,0.003297388875711133,0.001309315139100782
N4694HD,0.19689946474153933,0.5508494017576602,0.22720476813195076,0.02285869064390276,0.002187674724946974
N4695HD,0.18778540742393937,0.5680689397007483,0.23728602531160617,0.0066314089133178615,0.00022821865038823727
N4699HD,0.5779958634469062,0.4173969245127559,0.003525949655604098,0.0007233457905780283,0.0003579165941556807
N4703HD,0.34044693828348754,0.5076231360377452,0.11697198784770806,0.025550180248225435,0.00940775758283379
N4704HD,0.0014216561741699934,0.013147522377831556,0.2241729326098909,0.7580744851634337,0.0031834036746739543
N4708HD,0.9336816068721682,0.06445161008024267,0.0015057376606072003,0.000299604573833007,6.144081314876854e-05
N4714HD,0.8056505662804614,0.1634476342400824,0.026057373660118864,0.0035465064966438966,0.0012979193226932116
N4721HD,0.23836338888585348,0.6548802965958893,0.09621673605803771,0.00979628600089918,0.0007432924593204309
N4722HD,0.8453017933767113,0.14916974084894546,0.005102974693456617,0.00035260845685313016,7.288262403344666e-05
N4724HD,0.41728523586958166,0.5620517672514387,0.019766445000978666,0.0008049699332483508,9.158194475250744e-05
N4726HD,0.07759524495860134,0.8748572763433703,0.046788691588770914,0.0007106092737784427,4.817783547891892e-05
N4735HD,0.5650492084327758,0.428432874579316,0.005920227282941964,0.0003703222227224173,0.00022736748224379554
N4063HD,0.36138065133139535,0.47181874670953816,0.10192497490462034,0.056103500389428365,0.008772126665017789
N4712HD,0.6738886083082567,0.30658448224720736,0.01469618810173218,0.004683780815665745,0.00014694052713794408
N4738HD,0.40236859048991674,0.42786212219059677,0.13327975583760415,0.033822112673448354,0.002667418808433917
N4740HD,0.0708767002592687,0.3411775107427569,0.38547903285610813,0.18791361339329327,0.014553142748573023
N4742HD,0.030076115059053617,0.1264614283280053,0.34453980179821286,0.4171875246889162,0.08173513012581188
N4745HD,0.8354878065677029,0.16177020000191095,0.0016764742446696637,0.0008818283328657868,0.00018369085285058613
N4747HD,0.9182422576461228,0.07154918295352697,0.00922016291304753,0.0008011578945689045,0.0001872385927340561
N4750HD,0.793735711263206,0.19621058310175377,0.00801533578465899,0.001488100366149781,0.0005502694842315608
N4752HD,0.001810580515240394,0.08590607307546978,0.3588409837932517,0.5329613141827694,0.02048104843326872
N4754HD,0.7711436059395477,0.22512929459980455,0.003314949210504358,0.0003085616117406369,0.0001035886384029488
N4755HD,0.5621350107839697,0.40337512250952906,0.03089643961031736,0.002938721162419263,0.0006547059337646934
N4756HD,0.575480247661584,0.41737538065058233,0.00548438398892448,0.0009286608187183959,0.0007313268801906464
N4757HD,0.898250295403229,0.09944472050717426,0.0020500341260836835,0.00018060397767267762,7.434598584036772e-05
N4759HD,0.31691377183379166,0.6073372004359717,0.07205023686447536,0.0033964745267247923,0.00030231633903646867
N4762HD,0.7339596131803635,0.24638344052546807,0.01624608391519038,0.002800577073997025,0.0006102853049809997
N4763HD,0.8214933919410248,0.1476254402268349,0.026450429352658844,0.003153691045279168,0.0012770474342022706
N4767HD,0.8220307008139602,0.17409010504426536,0.0029205458528519584,0.0008261060528584541,0.00013254223606399984
N4769HD,0.16301367572520037,0.4886980141777283,0.25915519089841965,0.08607223259537192,0.003060886603279905
N4770HD,0.8519753802502024,0.14553730397365547,0.00209780267647455,0.00027368879848317266,0.00011582430118457505
N4676HD,0.4281629420234756,0.3705027437338917,0.15456417706177242,0.04465281812377072,0.0021173190570895053
N4614HD,0.6481620591713646,0.3361995775792139,0.012963305120012258,0.0023989639244828987,0.0002760942049264413
N4774HD,0.41116474597964087,0.5184702690689084,0.06574477335952264,0.003856043122457292,0.0007641684694709069
N4778HD,0.12957249604214424,0.6085959657016877,0.1388410696648517,0.07451561964671999,0.048474848944596347
N4780HD,0.0036210508425466212,0.035644831901179626,0.32919643414858013,0.5752441148843019,0.05629356822339167
N4783HD,0.5957279291656578,0.39694027317512337,0.006731471095981897,0.00041057910096529775,0.00018974746227160106
N4789HD,0.9439127500000085,0.04839860875604892,0.006955173414746383,0.0006179544163601852,0.00011551341283613224
N4792HD,0.5293239434822775,0.4674602608458864,0.0028681481840387053,0.00028169362496390703,6.595386283346604e-05
N4793HD,0.17184460220342296,0.7176987977131584,0.10409712393982314,0.00543378827137014,0.0009256878722254585
N4794HD,0.008236023233438782,0.06916332515663817,0.21435488240176812,0.6846401605190439,0.02360560868911116
N4799HD,0.822971721961544,0.17357985005035004,0.002864778296357077,0.0005330383790816766,5.061131266736019e-05
N4800HD,0.9455579566522335,0.05163922134476658,0.00255995565269715,0.00021386275449006715,2.9003595812766586e-05
N4808HD,0.21474944252315042,0.779419109714101,0.0054961148106532935,0.00026766393953127815,6.766901256408788e-05
N4809HD,0.8126357033133909,0.16362975071204197,0.02138565764788811,0.0017321250128091424,0.0006167633138698809
N4634HD,0.5251256441462775,0.4264213487892592,0.042306801914567066,0.005630399976660623,0.0005158051732356106
N4784HD,0.9389601025824474,0.05802692163311164,0.002800833827109381,0.00018607719793375862,2.606475939787132e-05
N4815HD,0.6774579990249927,0.31098909777046535,0.009475002032204105,0.001872946921218185,0.00020495425111961943
N4816HD,0.8104308248932552,0.18646835330278883,0.002561252510031171,0.0004356495179948988,0.00010391977592986367
N4817HD,0.40174466673114423,0.5023880517678624,0.09266747570202975,0.00300590986632649,0.00019389593263708632
N4818HD,0.8960684243973249,0.10114108460471301,0.0022121399890750217,0.00047653030026688717,0.00010182070862022673
N4821HD,0.047231680646604345,0.9487487696634253,0.0036815496421859794,0.0002999834595743615,3.8016588210008665e-05
N4830HD,0.8538643757613009,0.14279409907389562,0.0027321749370188032,0.0005312818974323271,7.806833035242002e-05
N4748HD,0.7973467324005818,0.1957064870341841,0.004969783290362078,0.0018373890238594238,0.00013960825101241365
N4684HD,0.5593515999953016,0.4345647232104281,0.005600081009204158,0.00038540471495226606,9.819107011391319e-05
N0389HD,0.0633504781505509,0.9182443472079115,0.017974903572688244,0.0003813364539824172,4.893461486697505e-05
N4796HD,0.7966744022028547,0.19013726020500815,0.012021340560540232,0.000989235064486749,0.0001777619671100533
N4834HD,0.003328205987721098,0.04011819747826612,0.33644484654369294,0.6115518476985654,0.008556902291754454
N4835HD,0.20948966226893956,0.7858594645247,0.0039821805694697805,0.0006209168163172147,4.77758205735391e-05
N4837HD,0.6848117591417463,0.3109735673229508,0.003925408129841252,0.00023095505560544763,5.831034985632049e-05
N4838HD,0.08902046377409419,0.9002738030455131,0.010307002453909387,0.00032710779505341637,7.16229314299933e-05
N4839HD,0.06529010362113175,0.4007036851019906,0.5239256716826348,0.00894241983397491,0.0011381197602679377
N4842HD,0.8654205768211206,0.12935936198862202,0.004344214169497948,0.0007714247666094768,0.00010442225414985491
N4844HD,0.902482621136128,0.09520868599499525,0.002008660814959866,0.0002159488679491521,8.408318596777708e-05
N4846HD,0.14853298075336574,0.6179494581078482,0.20910542642742386,0.020980878279805854,0.00343125643155654
N4847HD,0.6986123553458581,0.28553417887479937,0.01517226250240834,0.0005828103460157644,9.839293091840268e-05
N4849HD,0.418426405186722,0.5063611326286808,0.06726608987339276,0.006360709794108859,0.001585662517095797
N4852HD,0.1990779224464076,0.4147010918570987,0.3805940397756038,0.0053304324473048125,0.00029651347358500757
N4853HD,0.6496170709774495,0.3432308661676561,0.006439987940707277,0.000660134658525755,5.194025566144756e-05
N4856HD,0.8336051151242619,0.15896121634463029,0.006820532939003018,0.0005572860735316369,5.5849518573098776e-05
N4858HD,0.7991788091354447,0.1806119257205274,0.01852535000956819,0.001590706683349893,9.320845110983752e-05
N4860HD,0.2818405169017513,0.5374169154558245,0.14465533411883777,0.03382292207801452,0.0022643114455719745
N4861HD,0.8875775337714877,0.10918462604113133,0.0030213083696960736,0.00016186555844810882,5.46662592367032e-05
N4863HD,0.5109078984560793,0.4854953937587065,0.0031018387701860447,0.0003971303368345218,9.773867819355574e-05
N4864HD,0.7021126140716177,0.2752047555850571,0.021331237926229908,0.001220645604364004,0.0001307468127311787
N4866HD,0.7515988488640831,0.23374662265318769,0.013743841505570837,0.0008175698683787457,9.311710877961494e-05
N4012HD,0.7296432653253881,0.26379478159020653,0.00613806365711409,0.00032071084072519816,0.00010317858656602223
N4825HD,0.20752914987808682,0.6109324002190141,0.1292308691289794,0.04772839729120869,0.004579183482711179
N4875HD,0.04786231166127404,0.451366855106005,0.2545482923763677,0.2139582608543908,0.03226428000196241
N4878HD,0.017935956919521105,0.306991853221462,0.439077123640004,0.1831122150033528,0.052882851215660075
N4883HD,0.08272559209252674,0.3433758053970903,0.5567936021034601,0.016774008970268935,0.0003309914366541474
N4884HD,0.4595518244760788,0.5014058912488185,0.03401315937676838,0.004807701280659349,0.00022142361767494163
N4887HD,0.5619746446736934,0.42713616422106765,0.009953956459402783,0.0008037447321631936,0.00013148991367293276
N4891HD,0.773370942043085,0.21743673037082778,0.007853518630060178,0.0012628822984141104,7.592665761273332e-05
N4892HD,0.30142719680640095,0.6673617595876262,0.030493278157073745,0.0006377106781253538,8.005477077377364e-05
N4895HD,0.9295383328107748,0.06976411960337514,0.0005683333966093217,9.459403033684943e-05,3.46201589038607e-05
N4899HD,0.5285358859883509,0.463717857300456,0.0069912618927579235,0.0006163401039841821,0.00013865471445106517
N4898HD,0.6005729663432082,0.3803303591501931,0.017712803703192663,0.001229998862408079,0.0001538719409980008
N4902HD,0.6159943664062084,0.3720194651485622,0.007863415416712548,0.0032191835861606214,0.0009035694423562446
N4904HD,0.3471121043235072,0.5069086990061182,0.10564768105462789,0.03848717806763183,0.0018443375481148288
N4906HD,0.639720861582133,0.35360466261536866,0.005517039920872227,0.0010187419595955145,0.00013869392203050632
N4909HD,0.8486328970168975,0.14330102101323652,0.007078690443027199,0.0007786103950542978,0.00020878113178443716
N4912HD,0.6859287067276357,0.3027210162003498,0.010313066114966827,0.0008175517790689469,0.00021965917797877997
N4913HD,0.5030204815687119,0.47750028512827747,0.017504188140888572,0.0018222665386671238,0.00015277862345488072
N4914HD,0.3937203867716185,0.5256403094210155,0.07912683601927925,0.0014077367368071512,0.00010473105127950623
N4908HD,0.7769138724131747,0.22040165558039596,0.0024084664656909395,0.00021455232971264875,6.145321102579246e-05
N4937HD,0.7548796759966452,0.2379274681053302,0.00626156745365537,0.000757212398997247,0.00017407604537202065
N4938HD,0.8747217464249852,0.12352615313513944,0.0014931484695199066,0.00017938216843278978,7.956980192269568e-05
N4949HD,0.7825785846133573,0.19859563219261572,0.0156838409205648,0.0030396831857966745,0.00010225908766544963
N4952HD,0.8845830370957328,0.1110618558248071,0.003752055029330613,0.0004939129561541464,0.00010913909397538466
N4954HD,0.4761166931621874,0.40967912483401925,0.11144188191531659,0.0026312801909947137,0.00013101989748201662
N7917HB,0.8733099252338334,0.12214470261935148,0.00365020219100213,0.0007955873138343107,9.958264197851228e-05
N4951HD,0.6780393144815399,0.3156034865179354,0.005742122218018163,0.00045366279017524725,0.0001614139923313981
N0385HC,0.1803779867981541,0.7412346018013742,0.06884939256029378,0.007145075875882328,0.00239294296429554
N3920HD,0.6440070187051367,0.3258982006928518,0.025455352909051633,0.004401393733101465,0.00023803395985838816
N9498GW,0.7327467748635041,0.2101537615429457,0.05280628652791912,0.004095302004612266,0.00019787506101866305
N4961HD,0.9069952636691268,0.09154424256371466,0.0011993703501516871,0.00020585815950115348,5.526525750577504e-05
N4965HD,0.7501222430014062,0.23647849538735205,0.01223655188400863,0.0009311446616305597,0.0002315650656026068
N4967HD,0.7879183349903653,0.204876058606925,0.00464073903895635,0.0018392666448050154,0.0007256007189482818
N4968HD,0.3157978882514485,0.5617957633474436,0.0573171598535273,0.060849033206188174,0.004240155341392414
N4973HD,0.781963765145281,0.19870090993161166,0.01067249068732266,0.008472979470102365,0.00018985476568223532
N4976HD,0.0525900289995237,0.2794119111831773,0.6449983313982564,0.022654739452478045,0.00034498896656454207
N4977HD,0.7564613041874468,0.2411862381869913,0.0020487585869733995,0.000207326661144416,9.637237744393822e-05
N4978HD,0.6434965556550456,0.3500002204353234,0.004555607066736173,0.0014688859193650581,0.00047873092352973735
N4982HD,0.3288902029366691,0.6339842219192562,0.03247004790027722,0.0035373427228454005,0.0011181845209520685
N4983HD,0.24170793244534342,0.601178814462793,0.11089369398487367,0.041216222134921966,0.00500333697206795
N4984HD,0.843593454273314,0.1521285125336893,0.003880180544496868,0.00032171995409389144,7.613269440590758e-05
N4992HD,0.009060780472561652,0.17684440771077684,0.17139424223927482,0.6164794733677075,0.026221096209679225
N5000HD,0.4967318716925256,0.45335939523247504,0.040380379065223834,0.008967534484444319,0.0005608195253311889
N5006HD,0.5027134966473057,0.48042451643905526,0.01247917956237415,0.004202568351527033,0.0001802389997378545
N5007HD,0.7669037537425862,0.22236364423903793,0.007912062887290943,0.0018620193867547874,0.0009585197443300296
N5008HD,0.6356472459374598,0.35213766783756534,0.011198610675010495,0.0008327966618216617,0.0001836788881427842
N5011HD,0.47645147561493173,0.5193339087978301,0.0032724115473170452,0.0007722179651339857,0.00016998607478706452
N5020HD,0.8165362700976904,0.17921894405109995,0.0034043400863134005,0.0006143524587311891,0.00022609330616523094
N5024HD,0.8033570389876801,0.19487624138788034,0.0013661951332117604,0.0002950830341463016,0.00010544145708150465
N4826HD,0.8167625785653483,0.1776286520270816,0.004789257604734714,0.0007508421259794501,6.86696768556485e-05
N5032HD,0.8885259729302042,0.10481040209929963,0.004412552526985634,0.0021281937573923763,0.0001228786861179769
N5041HD,0.8813963636478391,0.11565503685894071,0.002523697036259295,0.0003519412182291928,7.296123873178164e-05
N5043HD,0.9384469777622609,0.05792299090929488,0.0032939789296931683,0.00028138995145437145,5.466244729684871e-05
N5044HD,0.48584277187976843,0.4410232680663964,0.056882062415632165,0.013331832600955393,0.002920065037247448
N5045HD,0.8573197795404681,0.1415937077040404,0.0009255124464566664,0.00011671949176124451,4.42808172736526e-05
N5004HD,0.8696300025400377,0.11828431730737002,0.009028123977242525,0.0028502984442293515,0.00020725773112028218
N5055HD,0.7808465664608308,0.1971162741511757,0.014058089285126987,0.007720364158945869,0.000258705943920767
N5056HD,0.14651552651547323,0.6126968565183958,0.15128884681394728,0.05726567489026162,0.032233095261922126
N5057HD,0.6278399708012644,0.3499341150810663,0.0207721387406435,0.0013747000096726515,7.907536735305649e-05
N5059HD,0.8611221241902676,0.1294562929913352,0.007836296976666615,0.0014050537695626346,0.00018023207216790778
N5061HD,0.6855966128141568,0.2866876588532161,0.025886639832775865,0.0016545392603878905,0.00017454923946346048
N5018HD,0.8750493729001152,0.11677978848921541,0.007470887102634086,0.0005729333531536315,0.00012701815488158874
N4896HD,0.6967149679344602,0.28954061493776795,0.011247583371320103,0.002223016743101166,0.0002738170133505477
N5064HD,0.8826171277978274,0.10844832478069613,0.006047046548454407,0.0028316234705283152,5.5877402493730043e-05
N5065HD,0.3688867796369881,0.46601428156050523,0.1614735033953526,0.00350254017236286,0.00012289523479108342
N5067HD,0.22727772977689162,0.6558894865685188,0.04615650309722041,0.06919654380950342,0.001479736747865915
N5070HD,0.10780357270065191,0.5165017899254585,0.35527552310362065,0.020018695365154313,0.00040041890511478324
N5071HD,0.6467199688829478,0.3401737885147922,0.012661540228296473,0.00035543937199931176,8.926300196426411e-05
N5072HD,0.6383545017656972,0.34983703549765743,0.011298579512011195,0.00040017987513021696,0.00010970334950388089
N5074HD,0.7626133692988061,0.21281691794701088,0.02086086348344992,0.0031003802815112538,0.0006084689892219041
N5075HD,0.9661331662960044,0.032610963511684195,0.0010745716267375953,0.00014640364774983335,3.4894917823807165e-05
N4923HD,0.8628183074328792,0.12821949300487318,0.00782261291008304,0.0009683807187701752,0.0001712059333945351
N5076HD,0.8028596843743232,0.19502627560089442,0.0017499144030815414,0.0002183559423726921,0.00014576967932830505
N5079HD,0.25751347820162007,0.4828728229055301,0.19388277918548422,0.061221387481587196,0.004509532225778425
N5080HD,0.5706299501678971,0.362337654338863,0.050383514279215655,0.01597508978787552,0.0006737914261486512
N5082HD,0.9130490268723882,0.08403894604896495,0.0021458579089265835,0.00067038241193875,9.578675778142254e-05
N5083HD,0.6373945053353585,0.34991987281041764,0.008888194654581913,0.003415541264085606,0.00038188593555646855
N5085HD,0.3907210362718915,0.5567147846065348,0.04838002393718345,0.0037270454754742043,0.0004571097089161271
N5051HD,0.5221675707359938,0.43890424928132943,0.037739305395069554,0.001101504478980982,8.737010862611887e-05
N5039HD,0.03332170191782915,0.32174626014043994,0.35945925498128006,0.25112178372919247,0.03435099923125835
N5088HD,0.8908187105270933,0.10622112952109475,0.0026648875487486428,0.00024578727312983876,4.948512993347134e-05
N5091HD,0.23652673248677872,0.7609462588248449,0.002239349054438116,0.00022695413225400128,6.070550168427422e-05
N5093HD,0.003350766498642653,0.038533300239794975,0.18675349500653396,0.7019744583253751,0.06938797992965334
N5100HD,0.0021211574409638807,0.04897365051626891,0.1444859169121416,0.79069770403199,0.013721571098635582
N5103HD,0.05138996044976041,0.5596548547931863,0.27029821277644955,0.09394992136258083,0.02470705061802294
N5104HD,0.9616448328084172,0.03593042427151531,0.0020709727574238193,0.0002933749349004366,6.039522774335927e-05
N5105HD,0.7207622156734133,0.25274094957263904,0.02182267351141886,0.00357964161381066,0.0010945196287182187
N5106HD,0.7427712142119981,0.2532728389757105,0.002923628214755669,0.0008440332297343998,0.00018828536780127772
N5109HD,0.6744294071115708,0.31908003203064095,0.0060214916397717914,0.0003310022329671926,0.00013806698504920256
N5112HD,0.6079780408427056,0.37224619959326105,0.017668416705314917,0.0018374887041022313,0.0002698541546162647
N5115HD,0.87936414001505,0.11774884724290888,0.002628144477747649,0.00019619137714530798,6.2676887148206e-05
N5120HD,0.007130697582685945,0.09714640251389609,0.16568850752459058,0.6497373957155265,0.08029699666330094
N5121HD,0.6457991320306333,0.3226833764069149,0.023783096111559217,0.0070119894731150685,0.0007224059777774287
N5122HD,0.6814757361643207,0.2721637232360171,0.02837411087662885,0.016548220055972264,0.0014382096670612515
N8305HB,0.6782646080115967,0.31658924650569625,0.004075910287111164,0.0009373822997107442,0.00013285289588519167
N5126HD,0.08271049292409081,0.4382128627621002,0.23338106738459116,0.2167994096106134,0.028896167318604393
N5128HD,0.8281291293432975,0.15889386334636993,0.011906309375559315,0.0009293174526885543,0.00014138048208453213
N5133HD,0.0032454855693845224,0.07809399076254112,0.19518320889481924,0.7009513346692,0.022525980104055182
N5135HD,0.8482263434428766,0.14559281708391048,0.004989079465771826,0.001076843298805781,0.00011491670863518838
N5143HD,0.8823878976613612,0.11567856366049427,0.0017038075914209562,0.00016383333717946697,6.589774954403174e-05
N5144HD,0.21578072803026402,0.5087121552007552,0.2453445208700694,0.029171580923518244,0.000991014975393033
N5149HD,0.3147050769834744,0.5388677335375565,0.0955379341039843,0.04185434974524735,0.009034905629737532
N5152HD,0.6334096039860589,0.33691085089390505,0.02813857189525777,0.0013689375279998407,0.0001720356967785003
N4394HD,0.3271590476181897,0.4560340800601651,0.1750216403015911,0.03953135964966621,0.0022538723703879235
N5029HD,0.23879934808836376,0.5335450501048198,0.20378344073026294,0.021139592226023123,0.0027325688505303123
N4368HD,0.9295822009861616,0.06863868850098936,0.0015450821193848767,0.00017637055034562416,5.76578431184792e-05
N5013HD,0.363965981140886,0.6025670747310325,0.025535695141244662,0.006591831787796471,0.0013394171990403338
N5153HD,0.763832645216623,0.21889088561437758,0.013660409991703615,0.0028509678308915195,0.0007650913464042756
N5157HD,0.9310346707516454,0.0662328812430776,0.0025980015957078185,0.00010706363692630779,2.7382772642965913e-05
N5170HD,0.5010695021133189,0.3126812037543199,0.15620319064101496,0.028691948182083916,0.0013541553092622344
N5172HD,0.8945543722701859,0.10218838974693349,0.002773078288378091,0.00038344606445602956,0.00010071363004657955
N5173HD,0.7527397173025461,0.2304419907997577,0.015007848078137126,0.001575816223010276,0.00023462759654881743
N5147HD,0.4629069393584316,0.5047770794278345,0.025425478268768585,0.006259729080420389,0.000630773864545023
N5178HD,0.7541997622518208,0.2408514479135523,0.003821620841155118,0.001005223574474154,0.00012194541899750917
N5180HD,0.6579836506916759,0.3331709506974091,0.006901760361864011,0.0013300189878359392,0.0006136192612151772
N5181HD,0.588081087916913,0.32227095171017506,0.08645584124032656,0.002768767963415255,0.00042335116917022636
N5182HD,0.9330794065526685,0.06510839499298815,0.0017044075277754742,8.344839678668266e-05,2.4342529781091946e-05
N5183HD,0.1280848408608367,0.8677427925617712,0.003893838373021214,0.00021551514723861954,6.301305713221803e-05
N5185HD,0.35826149522876893,0.47398457540153843,0.11125217223322444,0.05013815746383084,0.0063635996726373574
N5187HD,0.1541006586239005,0.7379675219682718,0.08677388725163533,0.01903758033252163,0.0021203518236708025
N5188HD,0.43946697897105225,0.415718603630315,0.05355006492955555,0.08738021246061176,0.0038841400084654817
N5190HD,0.021149155017475534,0.2291202462595201,0.21988983210273066,0.4947645107834802,0.03507625583679356
N5192HD,0.5722183798171969,0.4235848599332602,0.003960048664973187,0.00018403166424038034,5.2679920329251944e-05
N5193HD,0.6846580395959945,0.2881067116104171,0.02216987760729143,0.004454063603005884,0.0006113075832909042
N5197HD,0.8890500444090904,0.10914499421795121,0.0016060503996646058,0.0001553995800678178,4.351139322597512e-05
N5198HD,0.08265184498558299,0.5791833239399201,0.21358540949961013,0.121182921526511,0.003396500048375709
N5199HD,0.807347117392435,0.1851310401259054,0.006011849456282292,0.001204691298850892,0.00030530172652634176
N5200HD,0.6170544152047116,0.3411727429249704,0.04022040813458784,0.0013443772547085367,0.0002080564810216767
N5203HD,0.10184562434255015,0.4599533838188662,0.21660677593323457,0.20854104132225837,0.01305317458309072
N5209HD,0.12463360535188354,0.41823850811876506,0.1860854900777678,0.263041695044224,0.008000701407359655
N5212HD,0.8957639263817597,0.10259022995275575,0.0014170440075493484,0.00016343525070452208,6.53644072304351e-05
N5215HD,0.5341438525754869,0.43963241197430347,0.022633352986519674,0.0032628356164801945,0.0003275468472096146
N3574HD,0.8423505394950013,0.14564013582694563,0.010085005540772487,0.001676219568125453,0.0002480995691552092
N4760HD,0.04216636121417481,0.5726215726986349,0.29699044225695104,0.07784876688414535,0.01037285694609381
N5225HD,0.6353007056264336,0.33580336454464116,0.02379107609673247,0.004931215146063796,0.000173638586129085
N5226HD,0.6448467049382872,0.34093558821053194,0.01141892801269543,0.0026052160874661156,0.00019356275101937003
N5227HD,0.881518989240325,0.11422590443266012,0.003892997935243858,0.0002508276192616923,0.00011128077250945581
N5233HD,0.0096077885594806,0.1383000437525849,0.30830456090164754,0.50434131191277,0.03944629487351699
N5238HD,0.9143138866307533,0.07775739681004358,0.007131849185762903,0.0006829501774778715,0.00011391719596225826
N5241HD,0.8481154307277496,0.14766445800953104,0.003466115495248104,0.0006336387174202827,0.00012035705005093262
N5243HD,0.005750191622715749,0.1023341430891254,0.38656945190704534,0.49361455675046917,0.011731656630644254
N5246HD,0.8138465914524377,0.17354636518843614,0.009931959340875793,0.0023169411620052056,0.0003581428562451728
N5247HD,0.0010897075111038987,0.017951051771226818,0.2756951942705356,0.701678846516375,0.00358519993075862
N5248HD,0.6345572080718174,0.3544162207228788,0.007832745082933731,0.0029827774047752006,0.0002110487175949261
N5253HD,0.7849481961653859,0.18789975926914101,0.024225709504137494,0.002099441669028876,0.0008268933923068217
N5257HD,0.10253203623157929,0.35002406948796416,0.30782047917230543,0.2240840067225894,0.015539408385561629
N5259HD,0.013134512242297548,0.08743831999462036,0.13497694953416955,0.3984318942023891,0.3660183240265234
N5262HD,0.04496239426583017,0.607375703997581,0.3458258283089145,0.0016556843145122424,0.0001803891131620171
N5266HD,0.42121028704554575,0.4401729210726753,0.132786281151952,0.005302247572362881,0.0005282631574640418
N5270HD,0.5808803212737499,0.41546594201126386,0.0028266602818048576,0.0006612014820487363,0.00016587495113273655
N5271HD,0.7481301182499898,0.23129421244092524,0.016392822754652075,0.004088066024306643,9.478053012622442e-05
N5273HD,0.8059763631207174,0.18025479832949257,0.009459751684286827,0.00404958924046755,0.0002594976250357252
N5274HD,0.8839264848644428,0.11427448406464973,0.0010816740976244163,0.0006392711542917478,7.808581899141128e-05
N5211HD,0.3769839511455901,0.48939998481179225,0.05589837778361815,0.07542914523831219,0.0022885410206873766
N4843HD,0.5147499933320655,0.41716446384434114,0.04100969953976068,0.021772866173469414,0.005302977110363249
N5287HD,0.7094539190850171,0.2840680568520777,0.005191390169683101,0.001207938724271226,7.869516895089878e-05
N5286HD,0.053933829305622814,0.4052211522079202,0.2947064966285272,0.21098866119702345,0.03514986066090636
N5292HD,0.10352895488526656,0.3613817573986446,0.3091242514814261,0.21032673273650696,0.015638303498155752
N5294HD,0.6588137105812509,0.3207514570134326,0.01972960646445138,0.0005892437388785819,0.00011598220198649872
N5296HD,0.18758518694240855,0.6284400390700964,0.1308082708782572,0.050940539240202296,0.002225963869035555
N5298HD,0.8164169853214235,0.17925672718844304,0.0030291198375605754,0.0009548522159199078,0.0003423154366530378
N5303HD,0.752772603114016,0.24019599779957357,0.006355230425298802,0.0005981560158245666,7.801264528711554e-05
N5305HD,0.06526474534383997,0.6352621370635639,0.2781739726690023,0.020506899028799618,0.0007922458947940957
N5306HD,0.8741843501646367,0.1244872514749055,0.0009811235076211135,0.00025395110378474114,9.332374905184426e-05
N5307HD,0.14141741055561644,0.7315448433654325,0.08254990384965268,0.0378078027465374,0.006680039482761061
N5311HD,0.13515914435777168,0.6259848429160642,0.2240425109648486,0.014401912188597293,0.0004115895727182054
N5314HD,0.8252334227608195,0.162261678308203,0.007966022997795169,0.003928786272635529,0.000610089660546787
N5073HD,0.13822922678896038,0.4824440864898795,0.27651055851486345,0.10026746553727428,0.0025486626690222583
N5277HD,0.08653872108261378,0.2776731523088307,0.33998764809375526,0.2662251235048696,0.029575355009930714
N4885HD,0.9451371633488957,0.051671305451549986,0.002907815831467017,0.0002498677552613158,3.3847612825939676e-05
N5318HD,0.03867544158761978,0.5134640756935908,0.3270769136972286,0.10852006146831006,0.012263507553250817
N5321HD,0.8077466730123886,0.18951583303714148,0.002300579010444598,0.0003537320457159034,8.318289430942567e-05
N5323HD,0.9124118022770702,0.08592029958305163,0.0014653530797385063,0.00013692393077403424,6.562112936559898e-05
N5324HD,0.7263732845944456,0.2669762419119495,0.005501424798747056,0.0008406513362094869,0.0003083973586483593
N5326HD,0.8627432556100484,0.1314632319712668,0.004583684050208811,0.0011324289993295566,7.739936914638831e-05
N5327HD,0.6128323926412668,0.3697226766001419,0.014196144024604502,0.002881234466307657,0.0003675522676792147
N5329HD,0.2105725879869264,0.737196726156815,0.04088940254007188,0.01055192329018485,0.0007893600260018719
N5331HD,0.8784855038183796,0.11859473289140662,0.002113239219497848,0.0006320924589020494,0.00017443161181378964
N5332HD,0.7652207086253618,0.22459539557356104,0.006876462555665287,0.0030990122991683333,0.00020842094624344502
N5333HD,0.8163264585778833,0.17786861181382418,0.005360489986371932,0.0003671189671185797,7.732065480199485e-05
N5334HD,0.04193729420889532,0.9551963983232128,0.0027196465879027153,0.00012163831786317762,2.5022562125966287e-05
N5338HD,0.009608471123705841,0.10775536388573433,0.4549591894974932,0.32525777183443594,0.10241920365863075
N5339HD,0.24519681379233527,0.563179866987691,0.15037597072048817,0.03209448263491229,0.00915286586457341
N3820HD,0.05855892056149303,0.3410983874023572,0.44104833151269557,0.1305153122606627,0.02877904826279134
N5342HD,0.8064497339127117,0.19072397541497024,0.002225332253867074,0.00045387968702112756,0.0001470787314299357
N5345HD,0.6208479142302915,0.32867359674719554,0.0372725544086849,0.012216797087500588,0.0009891375263275113
N5346HD,0.7836727857310317,0.21498566965051155,0.0010816218066673831,0.00019945992216468476,6.046288962471978e-05
N5348HD,0.013400386840916368,0.1797433417101765,0.22453836625328397,0.4369131419915684,0.14540476320405477
N5351HD,0.4144152455583613,0.48130759543036794,0.07641946747684017,0.02728271790421823,0.0005749736302124789
N5354HD,0.0038148588844568927,0.04026750746266231,0.20363588405523841,0.7494143114801254,0.0028674381175169826
N5355HD,0.5265729574956002,0.45873241037776974,0.01383124306754506,0.0007216179496112625,0.00014177110947358266
N5362HD,0.6838136760154282,0.3033301053291515,0.012236709885179952,0.000514971263198941,0.00010453750704141449
N5364HD,0.7309081840536988,0.2637382770075468,0.0037957615336036686,0.0014310061696837743,0.00012677123546692175
N1264HD,0.07124740423109706,0.8958988928737469,0.030375128896345117,0.002372073919971606,0.00010650007883928833
N4985HD,0.4435035919482046,0.5493724121977597,0.004664780995855503,0.0018701817983345684,0.0005890330598455071
N5368HD,0.00771066439576638,0.0955197457669748,0.24746883401467504,0.5959761898933603,0.0533245659292235
N5371HD,0.8807258235403446,0.11169916406678557,0.0068726934389419705,0.0006246962604367223,7.76226934910552e-05
N5372HD,0.7499108383234778,0.2444971403023958,0.005028408138398377,0.000440828806690459,0.00012278442903750157
N5373HD,0.4840227644027957,0.5121387963886584,0.003413384024957316,0.0003202793378747367,0.00010477584571378924
N5374HD,0.8953118809027865,0.10278156576272394,0.0017139805398570876,0.00013235930378076966,6.021349085170555e-05
N5377HD,0.8612156012434738,0.13724378805997955,0.0012551645541478938,0.00020739660901252982,7.804953338620529e-05
N5379HD,0.7327715392930979,0.25853142282455494,0.005932280383089424,0.0026959896787441635,6.876782051370451e-05
N5381HD,0.023922192863692664,0.4599280808906913,0.1619691686164792,0.28193359067665985,0.07224696695247695
N5383HD,0.0846429079230782,0.5360875926012186,0.32655765684066596,0.047251302818816426,0.005460539816220814
N5385HD,0.7213455556010352,0.2632321683913775,0.01417597609468695,0.0011236168544429945,0.00012268305845740824
N5387HD,0.03986376916469023,0.5637498638446579,0.22858861607768843,0.09721690692293991,0.0705808439900236
N5388HD,0.11525685739448358,0.4450574982895238,0.15180794462545905,0.2688889678321386,0.018988731858395023
N5389HD,0.06356290237724875,0.4119950513787547,0.5157515567677166,0.00848603611206582,0.0002044533642141797
N5391HD,0.5976547994651435,0.37740938550871905,0.021327612719929275,0.0027646162928364674,0.0008435860133715504
N5393HD,0.5049667406998101,0.47377787658308057,0.019536139057361346,0.0015691775032461914,0.00015006615650194503
N5395HD,0.7909068259843277,0.1948250211782679,0.01236137534160128,0.0014363465738759054,0.00047043092192727913
N5397HD,0.7996354483912433,0.19039644496958158,0.007924374727313834,0.0017199582860236377,0.00032377362583741126
N5398HD,0.8112941032286539,0.17844576354749542,0.00837791943907463,0.0015745625075744944,0.0003076512772016764
N5386HD,0.3203419307980718,0.4477186537665867,0.2304309000685809,0.001356522975293686,0.0001519923914668749
N2483HD,0.8131938706559177,0.16829508252736913,0.01567145776737012,0.0027640505726731273,7.553847666992296e-05
N5402HD,0.8149852856878006,0.17711748647217462,0.007311143007023006,0.0005182175546066258,6.786727839497594e-05
N5404HD,0.7771642501335444,0.19719522823020114,0.02255042108326542,0.0024380284582796244,0.0006520720947093948
N5405HD,0.9504597265915367,0.047786662986482056,0.001581740258132052,0.00013730512542254795,3.4565038426819024e-05
N5407HD,0.39556589629925076,0.5128787584503256,0.07252761676093722,0.015723130248455727,0.003304598241030862
N5414HD,0.5051638542658666,0.4910085915462295,0.0035641083799019236,0.00020506282108307842,5.838298691886294e-05
N5415HD,0.6992890900849149,0.29523293670190487,0.004552451113573847,0.0007594716930752855,0.00016605040653116466
N5416HD,0.5036082893157473,0.4835745612499308,0.0123895072887736,0.0003245491295451498,0.00010309301600306482
N5421HD,0.7742660372239637,0.21664003601527188,0.007317290345702032,0.0014589729112410893,0.0003176635038212853
N5430HD,0.8613929613471587,0.13743062711014886,0.0009543031577497928,0.00017547141375277403,4.6636971189969054e-05
N5431HD,0.32005269033644923,0.2363332887521447,0.44129267350936646,0.002217129129140236,0.00010421827289922589
N5432HD,0.7349549055887544,0.2616554355137278,0.0027394776211175607,0.0005374074446929146,0.0001127738317074029
N5437HD,0.7467304710153937,0.24685085332428275,0.0060484493002659154,0.00024530715802737694,0.0001249192020302537
N4225HD,0.21885695029071744,0.6403916211930631,0.1127005663768212,0.02688986486511884,0.001160997274279365
