ncode,proba_0,proba_1,proba_2,proba_3,proba_4
N4541HD,0.7294526870754375,0.2055968672918071,0.060207889180527774,0.004598612025578224,0.00014394442664940983
N4397HD,0.018543849062108216,0.12885875436202512,0.333713176985345,0.49881030113531094,0.02007391845521067
N4544HD,0.9052700442632741,0.09347062230133873,0.0009135993419392077,0.00027287265627456704,7.286143717339302e-05
N4545HD,0.18383451778668958,0.5166521931861657,0.17349767854068285,0.10042271665891278,0.025592893827549017
N4546HD,0.6455164476042387,0.3339507597467707,0.01970883784613713,0.0007075143781764102,0.0001164404246771136
N4550HD,0.7726876382074659,0.21868868773015976,0.008167592916001078,0.00037890676713213395,7.717437924105705e-05
N4551HD,0.5313574721103003,0.4649399197067437,0.0029174034147830008,0.0006908117663151914,9.43930018579084e-05
N4554HD,0.328466842169669,0.5339131116797671,0.1280170309026441,0.008538854965069512,0.0010641602828502304
N4555HD,0.5268234879900773,0.3895428391257968,0.05890819357099177,0.02432758135207114,0.00039789796106313844
N4556HD,0.41718646807363885,0.3726120441745066,0.15414369752134321,0.05337912305941559,0.002678667171095765
N4563HD,0.3164280751603276,0.47703087694777774,0.1756202707215478,0.030062630621547164,0.0008581465487997256
N4567HD,0.9066689404233033,0.09052549724983325,0.002008009155194344,0.0006270600920655994,0.00017049307960350125
N4561HD,0.8186693223379041,0.17656871222890577,0.0038273950283061603,0.0007902019827804951,0.00014436842210353536
N4571HD,0.36222237903293475,0.5334886677025749,0.09853428270564843,0.005116783939503875,0.0006378866193380202
N4574HD,0.9714008656846855,0.02736190734185571,0.001056782607742134,0.00013777815638487924,4.26662093316205e-05
N4575HD,0.6309070832436973,0.3528605073347494,0.014680466919622997,0.0013208713970759415,0.00023107110485443152
N4579HD,0.2734329704704406,0.5766311629086328,0.13004704305797146,0.018282427793014953,0.0016063957699401746
N4581HD,0.6208002132330754,0.3195125391116941,0.05464412492256519,0.004923192781982557,0.00011992995068274997
N4584HD,0.6051498717303053,0.38595454760202996,0.008418111688532659,0.00038910869055723785,8.836028857495682e-05
N4578HD,0.858324513897181,0.12940382616030846,0.011814051382507467,0.0003807375789858231,7.687098101722892e-05
N4590HD,0.43797548963568084,0.5454542857914253,0.01604502786393691,0.0003961180314906404,0.00012907867746623296
N4593HD,0.12210610907592416,0.43896365646653485,0.21983430453135133,0.2053179296716286,0.013778000254561154
N4151HD,0.1348338744109111,0.3937427850986791,0.30788939033836665,0.1583233712250122,0.005210578927030998
N4594HD,0.8125745667411314,0.18594359778212993,0.0012581196769208252,0.00015878666318179735,6.492913663596383e-05
N4600HD,0.7601617438321416,0.2252768105467363,0.014000985471121597,0.0005152791959046924,4.518095409577953e-05
N4605HD,0.10311388323179871,0.25786565454438143,0.4600624426022851,0.1781652759191848,0.0007927437023499262
N4612HD,0.7916236839824354,0.19074040389010555,0.014954354344065581,0.0025346959716514373,0.00014686181174192447
N1701HC,0.2254692778508299,0.6538942162563567,0.10344067317796668,0.010853540135488235,0.006342292579358475
N3705HD,0.0012333798817745557,0.010100561680516457,0.10348338864980185,0.5458898709215478,0.3392927988663594
N4589HD,0.5658324039149335,0.4290437941483008,0.004298073141656592,0.0005893908947499137,0.00023633790035928115
N4339HD,0.9473477667512074,0.051494694551215955,0.0010013024190501155,0.00011800332569446273,3.823295283224579e-05
N4615HD,0.005997487598473756,0.16137426817558756,0.21565697308831738,0.47080727965384267,0.14616399148377873
N4618HD,0.8189209726719853,0.1734900984246695,0.005973130154847369,0.001516384420654234,9.941432784369006e-05
N4624HD,0.5089602671842095,0.48788920620758225,0.0029232063402099043,0.0001776604455188033,4.96598224795268e-05
N4626HD,0.9153062071424374,0.08402890901853652,0.000518833095706864,0.00010808648116959357,3.7964262149572304e-05
N4628HD,0.3606815555880033,0.5127265790863711,0.11041310186256133,0.015360138201516865,0.0008186252615473838
N4638HD,0.0070187581282120425,0.10311454291004293,0.14478556429486117,0.6385114004000438,0.10656973426683995
N4639HD,0.7404849318194,0.25291829509534003,0.005242451018138116,0.001153657711249139,0.00020066435587269283
N4642HD,0.8843721306998539,0.10975322225784283,0.003401113561001586,0.0023060518236303214,0.00016748165767136472
N4646HD,0.9468518008799658,0.051433978338119656,0.0015374507196741988,0.00013595778214078925,4.0812280099637455e-05
N4631HD,0.8678390445211794,0.1291507537447169,0.0025974541624766865,0.0003373461708663304,7.54014007606018e-05
N4656HD,0.1701878608667396,0.15934327484985725,0.4226959334103372,0.19919241821952016,0.04858051265354586
N4658HD,0.8055554414438255,0.18087096566424052,0.011598908286267003,0.0017472570618615162,0.0002274275438054802
N4661HD,0.7771966178500795,0.2082750918196361,0.012592271221886196,0.0018015362359088626,0.00013448287248930252
N4665HD,0.8460090381610874,0.15275631828157477,0.0007698467567059291,0.000379501559581173,8.529524105091777e-05
N4667HD,0.9118301575605902,0.08588263149658296,0.0021489126252868264,0.0001088944663011225,2.9403851238883258e-05
N4669HD,0.5368748602014778,0.4474294992838435,0.012607606140183811,0.002806613519317212,0.00028142085517774047
N4673HD,0.23635871529390018,0.6198123469670433,0.13153664525439718,0.007895760010676418,0.004396532473982943
N0760HD,0.2608659110043815,0.7079485630280478,0.026190840332987055,0.0045849144644186,0.00040977117016499035
N4672HD,0.7876645585496107,0.1988455699524247,0.012378517000982484,0.0008248014948983139,0.00028655300208394764
N2593HD,0.8378850338121142,0.15329413477496362,0.008353343093708627,0.00037122910276929757,9.62592164443348e-05
N4677HD,0.5622372217061005,0.3671523470308863,0.06507942118699495,0.005305038864106953,0.00022597121191147372
N4680HD,0.4501036751287272,0.515054130616875,0.02163319115137637,0.010579771097735446,0.0026292320052860784
N4688HD,0.09877898038048491,0.3211188913547162,0.24260431573130195,0.2606955513709288,0.07680226116256819
N4689HD,0.8083953587316774,0.17591947268583208,0.014904729205867263,0.000691381728806719,8.905764781651587e-05
N4691HD,0.02419729530321009,0.20788025358922596,0.27924488696307376,0.47603224986900194,0.012645314275488359
N4692HD,0.7773237723659678,0.18983801917410373,0.028730605953721244,0.0027230646751187845,0.0013845378310886052
N4694HD,0.2512800484909413,0.4863353607325836,0.24328249204727848,0.017031242649563468,0.0020708560796331016
N4695HD,0.19053952079258815,0.6574881805113282,0.14389738359051515,0.007808335867998543,0.0002665792375699639
N4699HD,0.5642098739148705,0.4312264252233725,0.0032326274605662085,0.0007794951051580069,0.0005515782960327174
N4703HD,0.33308562630493543,0.5104302508682607,0.12590610967512317,0.02226221171653627,0.00831580143514444
N4704HD,0.001289991848257802,0.010094012347532632,0.19386570175929035,0.7927158815447386,0.002034412500180592
N4708HD,0.9439140756879667,0.05479189985506683,0.0010190166875306862,0.0002217108443861164,5.3296925049907936e-05
N4714HD,0.7940734945649672,0.1748183448203844,0.026184443590272128,0.003404260436754871,0.0015194565876214493
N4721HD,0.2391149970638684,0.6664420199347347,0.08579028732480996,0.007945009866169039,0.0007076858104178533
N4722HD,0.8338501793487485,0.16115100150231007,0.004545855078057366,0.00036139253147883364,9.157153940529693e-05
N4724HD,0.41567061076376993,0.5625936341659863,0.02100079501888314,0.0006350252525554248,9.993479880513137e-05
N4726HD,0.07988994860164163,0.872943081922623,0.04622307709295442,0.0008904432168778504,5.344916590306651e-05
N4735HD,0.5931290074563133,0.40083805713606846,0.005483022464260337,0.00029990653887971473,0.0002500064044781034
N4063HD,0.3600144312267728,0.4515278855471694,0.12384227059675648,0.055468861496903867,0.009146551132397578
N4712HD,0.6600382069214505,0.3230397641764252,0.01146446491431563,0.005342249600182361,0.00011531438762623198
N4738HD,0.3800398483086548,0.46363929377268437,0.12588084782938555,0.02797418049790884,0.00246582959136648
N4740HD,0.0561227857254879,0.20148646660092728,0.517190822653926,0.19721026416696186,0.02798966085269685
N4742HD,0.02647174901162024,0.18604076177075735,0.29480843281530966,0.40871462020879673,0.0839644361935161
N4745HD,0.8575239916443602,0.14011846341537887,0.0014576228505907278,0.0007680238771036959,0.0001318982125665255
N4747HD,0.9136332327699028,0.07697046955011116,0.008037361217391143,0.0011858515866269308,0.00017308487596796955
N4750HD,0.792454739797458,0.20027145312885491,0.005173888039713615,0.0014350772027094294,0.0006648418312642154
N4752HD,0.0015922950034496894,0.05974037921984623,0.3169584125317639,0.6126261039519204,0.00908280929301973
N4754HD,0.7667080804041588,0.2296825228165767,0.003226769642652977,0.0002808118561033792,0.00010181528050814343
N4755HD,0.5468742381682168,0.41917588196839384,0.03140763400428041,0.0018788395924422424,0.0006634062666667556
N4756HD,0.5492403902302805,0.4431606122452637,0.005477621804811699,0.001042580496476013,0.001078795223168065
N4757HD,0.8979078123678035,0.1000559921519137,0.0017652320638420847,0.00018187134317134828,8.909207326936858e-05
N4759HD,0.3609783072150054,0.5533579096826934,0.08317628617325021,0.002243525793622893,0.0002439711354281218
N4762HD,0.7966246847633177,0.18814625001643198,0.012347214990273934,0.0023526999100305594,0.0005291503199458361
N4763HD,0.8162626888115794,0.15297793040675783,0.026387912542712666,0.0030984395728863028,0.0012730286660637717
N4767HD,0.8500483582639266,0.1469262216065783,0.0019960394649567326,0.0009084080346842101,0.00012097262985409644
N4769HD,0.16456018945505352,0.5524950280543661,0.2121932301018002,0.06863721297041052,0.002114339418369677
N4770HD,0.8704267289436298,0.12676665369521092,0.002435281217592374,0.00022826649425330284,0.00014306964931361184
N4676HD,0.4136586924854548,0.4041622838085974,0.146960646869139,0.03344131539069882,0.001777061446109966
N4614HD,0.6637459236830339,0.32081527184061076,0.012317112223364745,0.0029080375218048155,0.00021365473118592086
N4774HD,0.29106744504440013,0.6512627832670569,0.05304298970936607,0.0038314082632018034,0.0007953737159750335
N4778HD,0.11667596433948235,0.6295907889032725,0.11458839281881086,0.0635846871702034,0.07556016676823084
N4780HD,0.003927392886711799,0.02730190384111599,0.26859241734634776,0.6243917514558898,0.07578653446993475
N4783HD,0.6332008039775985,0.3607467573847963,0.005587084129774149,0.0003035865729206765,0.00016176793491040972
N4789HD,0.9266311977036665,0.06548044688351247,0.0069044414963773506,0.0008513118933953536,0.0001326020230482695
N4792HD,0.5782708312898474,0.4182747730823574,0.0030995519244282474,0.0002625811801719654,9.226252319510407e-05
N4793HD,0.16357349902432408,0.7210594136239463,0.11041018011738209,0.004158964404262586,0.0007979428300848642
N4794HD,0.010105057430384638,0.09877533522813695,0.26427414286469303,0.6057825915777338,0.021062872899051503
N4799HD,0.7820342171656245,0.21491385197438753,0.002633218698426729,0.00036522861167967885,5.348354988154358e-05
N4800HD,0.9495328827358561,0.04779780177063067,0.002463921673756436,0.0001775782272993392,2.781559245741117e-05
N4808HD,0.20427864514341126,0.7911320842348519,0.004242541358505103,0.00027449028616165986,7.223897707004989e-05
N4809HD,0.7742220030441593,0.2049764395187638,0.018615816581764262,0.0015666794344994794,0.000619061420813158
N4634HD,0.5049185575027689,0.4402057450026904,0.04836132090966199,0.00601296176351755,0.0005014148213610757
N4784HD,0.9322815361492015,0.06471028542857672,0.002767190470317243,0.0002078979636357013,3.3089988268743344e-05
N4815HD,0.6721078096035796,0.31978463971385895,0.006474089532287494,0.001469652064799427,0.00016380908547447307
N4816HD,0.7906401849705825,0.2065322229784448,0.0023250804047603006,0.00038818722565145544,0.00011432442056094414
N4817HD,0.433095519182782,0.47149778976207735,0.09172251009511016,0.0034760069658305004,0.00020817399419999555
N4818HD,0.8869386334618534,0.1103684349425544,0.0020799251946136844,0.00048303979706390153,0.00012996660391452204
N4821HD,0.047709750072997256,0.9493870191188251,0.0026552454086975256,0.0001986287365705123,4.935666290953895e-05
N4830HD,0.8681610049393008,0.12908730743562244,0.002363103173243072,0.00033651827678491026,5.2066175048619635e-05
N4748HD,0.8207764076331274,0.17333502879652624,0.003977788728241537,0.0017412508332856596,0.00016952400881906394
N4684HD,0.5799855006931658,0.4150607403083061,0.004501405552809068,0.00037209197996683713,8.026146575216634e-05
N0389HD,0.06851428100395976,0.9089495945773838,0.022018056309630232,0.0004504429131888048,6.762519583745314e-05
N4796HD,0.7845190409881008,0.20316737167634136,0.011332197807598999,0.0008536287607168499,0.00012776076724208671
N4834HD,0.0026368772291112713,0.021185986680525733,0.2845988007076551,0.6870311485271307,0.004547186855577231
N4835HD,0.20978462905218426,0.7858810629662096,0.003736864934190745,0.0005361942759704922,6.124877144468368e-05
N4837HD,0.7244291034790459,0.2714540048017979,0.0037801178458611293,0.0002661589240603343,7.061494923472466e-05
N4838HD,0.08536157159737294,0.9011749276975252,0.013170852047372724,0.00022973798957359168,6.291066815559122e-05
N4839HD,0.0855181307778432,0.3937392080318368,0.5089624961960041,0.01058327967557432,0.0011968853187415147
N4842HD,0.857003994275708,0.13758162116289607,0.004736739828964975,0.0005705095314388895,0.00010713520099206797
N4844HD,0.896384940543328,0.10172516038572921,0.0015631865963340885,0.0002229248687176453,0.00010378760589102161
N4846HD,0.16546221977399994,0.5875688795137025,0.21617809074319427,0.027225929885263456,0.0035648800838398178
N4847HD,0.733672915859192,0.2491873560336159,0.016591024925817217,0.00044462561153292486,0.00010407756984191347
N4849HD,0.4211160866811962,0.5188961858669463,0.05381021194363293,0.004827918431671734,0.0013495970765528657
N4852HD,0.1653821499455504,0.3799478291582082,0.45009247077956144,0.004329050206837931,0.0002484999098420299
N4853HD,0.6839461059087226,0.3101262595345138,0.005311442429733443,0.000563406464114233,5.27856629158846e-05
N4856HD,0.8527069684595727,0.13856308265759001,0.00830041954007423,0.00036479424945662966,6.47350933063871e-05
N4858HD,0.8156894440559022,0.1659709332996701,0.016604443086090236,0.0016349408679278243,0.00010023869040971412
N4860HD,0.24691906410390868,0.5547844852925389,0.16429605544839068,0.03194267001826913,0.0020577251368926863
N4861HD,0.86784753772023,0.12905819743000654,0.0028752986464915023,0.00015716793739291185,6.179826587923159e-05
N4863HD,0.4712505352242947,0.5251917161464709,0.003013485741119475,0.00040948786134095434,0.0001347750267739533
N4864HD,0.6988183793564943,0.28145622386138325,0.018688882559277614,0.0009467187235501831,8.979549929470864e-05
N4866HD,0.7302531249934601,0.25512485073511887,0.013561900353003548,0.0009318018111659184,0.0001283221072515772
N4012HD,0.725221197574002,0.2692922090402815,0.005079357976438135,0.000322481884063605,8.475352521472395e-05
N4825HD,0.1605562487891409,0.6997004968367712,0.1122390837067112,0.025565770336339784,0.0019384003310369915
N4875HD,0.07390860383671027,0.4395695951664761,0.3104799219421225,0.1479022534751758,0.02813962557951532
N4878HD,0.03269359992297655,0.3354578923086103,0.39610074515629357,0.19985746116007655,0.035890301452043104
N4883HD,0.07997753350591183,0.3933928988178003,0.509258584805335,0.01702782782016855,0.00034315505078427505
N4884HD,0.45243333436311006,0.5094457188257572,0.032575532596414734,0.00527705943708187,0.0002683547776362599
N4887HD,0.6052873633450842,0.38416180106413467,0.009662108951529538,0.0007570488430197246,0.00013167779623179354
N4891HD,0.7511898838749426,0.2409989805045721,0.006590427579435905,0.001165365091419857,5.534294962947315e-05
N4892HD,0.28397596773497075,0.683345517800132,0.031756116768519124,0.0008245233771164023,9.787431926175537e-05
N4895HD,0.9313023256729558,0.06801003190655654,0.0005700719186916448,7.941323051579019e-05,3.8157271280272796e-05
N4899HD,0.49292132333585503,0.4993817277201337,0.007021344948699925,0.0005321261299240143,0.00014347786538744563
N4898HD,0.5172408450252488,0.46644805620711854,0.014727611386351666,0.0014393709583702234,0.0001441164229107245
N4902HD,0.6358191163089382,0.35535547701428927,0.005586053052593391,0.0025667466616808377,0.0006726069624982302
N4904HD,0.28573817567075477,0.5712177458553057,0.11033404139166521,0.03176829051239038,0.0009417465698838242
N4906HD,0.6252723210698294,0.36639269567890775,0.006917499208474301,0.001255439047750849,0.00016204499503777513
N4909HD,0.8314751133279525,0.15969246986951918,0.008071146346762741,0.0005890394648109954,0.0001722309909544177
N4912HD,0.7354915619530409,0.253898487354525,0.009774328436648393,0.0005971789998706154,0.0002384432559150241
N4913HD,0.5691275388626429,0.41238368423473604,0.01636373767547423,0.001956434350025292,0.00016860487712148383
N4914HD,0.34503957651566824,0.5464222209049033,0.10680607327576123,0.0016211747262499354,0.00011095457741729225
N4908HD,0.7806448753901598,0.21700110221730212,0.0020624620671884234,0.00021371372258848024,7.784660276121572e-05
N4937HD,0.7760924059171623,0.21703758591745945,0.006088671042572803,0.0006384942662204044,0.00014284285658505827
N4938HD,0.8711047296677117,0.12748661663316133,0.0011748327447985009,0.00016079904416412788,7.302191016440171e-05
N4949HD,0.8081088367449659,0.176536045768049,0.013192572799634239,0.0020469813833351577,0.00011556330401558889
N4952HD,0.8746764789240483,0.12063693412208858,0.004034764100393078,0.0005368911375332129,0.00011493171593686582
N4954HD,0.4643979683958447,0.4460004730594281,0.08725894624816263,0.002245383685428865,9.722861113562996e-05
N7917HB,0.8807150705986286,0.11602778069923947,0.0024563531951545792,0.0006822661288875221,0.00011852937808990054
N4951HD,0.6813068348377642,0.3142404514948192,0.003980909413189498,0.000310535246808438,0.0001612690074185942
N0385HC,0.158440080277937,0.7577383706635389,0.07361399402920778,0.007804716206045762,0.0024028388232706826
N3920HD,0.6415056400172487,0.3282721617733374,0.024870720098302986,0.005105856283369645,0.00024562182774123597
N9498GW,0.7101021719234966,0.23423723329173446,0.05029044865400557,0.005160267069247835,0.00020987906151567797
N4961HD,0.8754915414927801,0.12319371705326251,0.00112209771975662,0.00013943716735947517,5.3206566841193556e-05
N4965HD,0.7538456205454934,0.23580456498353444,0.009394483023587624,0.0007618179056359641,0.00019351354174857355
N4967HD,0.7902872657661171,0.20278705426458998,0.004546078362262306,0.0016966461308410609,0.0006829554761896524
N4968HD,0.29710857183319794,0.537995861193854,0.05303078105174155,0.10516229660837947,0.006702489312827032
N4973HD,0.7716690543051529,0.20906754993252324,0.010252634104452624,0.008861453921937417,0.0001493077359337532
N4976HD,0.06313077865656794,0.27061837129076094,0.6467776606258,0.01905221203017027,0.00042097739670082383
N4977HD,0.8028231761436331,0.19491925434439722,0.0019408262630163716,0.00018202654873325071,0.00013471670022000581
N4978HD,0.6177215786905311,0.3755737006802052,0.004822118168805439,0.0013122835175665918,0.0005703189428916626
N4982HD,0.3861808506202214,0.5848407674328123,0.024604775502947533,0.003549431582047913,0.0008241748619708418
N4983HD,0.30486161488352004,0.5270708518325311,0.11759891494557576,0.04652501440237543,0.003943603935997725
N4984HD,0.8372991769140784,0.15800674995018288,0.004238692923203368,0.00036404017044239657,9.134004209311461e-05
N4992HD,0.01997188120195945,0.17634952750071203,0.18004677283479534,0.6097460300622133,0.01388578840032002
N5000HD,0.5131955081694028,0.43346234510957116,0.043803932474166744,0.009169096748043528,0.0003691174988156724
N5006HD,0.5374286366458454,0.44529256786786053,0.012431471839392099,0.0046813444977271725,0.00016597914917473088
N5007HD,0.7533139796418783,0.23647746547509924,0.006757755586569929,0.0026665311854008303,0.0007842681110517104
N5008HD,0.6451697922410721,0.3421643664438676,0.011364585900912137,0.0009747757025002181,0.0003264797116478955
N5011HD,0.4761607969233938,0.5205680145724075,0.002553350043826767,0.0005644334492611292,0.00015340501111071628
N5020HD,0.8400363687677699,0.15727355214296104,0.002126587546925,0.00038281728675799976,0.0001806742555862222
N5024HD,0.7238864451799365,0.2734684315164117,0.0022980224583684684,0.00023351975772475491,0.00011358108755848268
N4826HD,0.8226072960071459,0.17194975967348516,0.004648300665314048,0.0007238944964580399,7.074915759683659e-05
N5032HD,0.8891677811971805,0.10627349547840585,0.002825707641758966,0.0016169645632202767,0.0001160511194343444
N5041HD,0.8708759446732259,0.1265861312482976,0.0021887078164775616,0.00025988854189896304,8.932772010005086e-05
N5043HD,0.9477533219399511,0.04998833969265273,0.0019773244506088544,0.00022171703975216629,5.929687703506685e-05
N5044HD,0.47822111270587175,0.46387942091706763,0.04326064713290454,0.01075783607207921,0.0038809831720769414
N5045HD,0.8631473905224899,0.13587958207477815,0.0008149430861751345,9.763948853465933e-05,6.044482802201347e-05
N5004HD,0.8563211715763298,0.12773470698372913,0.012140089536285694,0.0035491088831179933,0.00025492302053738055
N5055HD,0.7759378603272455,0.20410264020210372,0.012534818161285783,0.007256436128167704,0.00016824518119725119
N5056HD,0.14442615424588007,0.6060299425647228,0.17934482698792475,0.04517608478285913,0.02502299141861325
N5057HD,0.6093777887687406,0.36857557620685205,0.020466801178711858,0.0014627157646257155,0.0001171180810697381
N5059HD,0.8496544767284547,0.14211440111319126,0.007020741434733403,0.0011038473322009402,0.00010653339141962951
N5061HD,0.7381804954101472,0.2417374618920248,0.018688433341901668,0.0012362694983460505,0.00015733985758019354
N5018HD,0.8671579583837286,0.12625260978737873,0.005951118712155511,0.0005197760119898237,0.00011853710474737171
N4896HD,0.6206916653477051,0.36378144048149513,0.01142684018794576,0.003777781696198619,0.000322272286655343
N5064HD,0.8824488516776341,0.10822160387321933,0.00501215622687678,0.004267846678658633,4.954154361106189e-05
N5065HD,0.37817369295370235,0.46534513105128833,0.15337833129222997,0.002932880156827117,0.000169964545952306
N5067HD,0.30886022106663313,0.5827004634012154,0.06236005432949052,0.045228007080898074,0.0008512541217628157
N5070HD,0.08786222669513091,0.5376796035709017,0.3545422472391363,0.019451211599467767,0.0004647108953633571
N5071HD,0.6567241263376596,0.3279574159409895,0.014902563672200775,0.00033139447839741315,8.449957075269348e-05
N5072HD,0.6700567342726887,0.3157253339622411,0.013760283044664165,0.00035601548105639627,0.00010163323934966276
N5074HD,0.7451063290388704,0.2328138222269167,0.019193991446020648,0.002461874431763244,0.0004239828564289275
N5075HD,0.9620304000299598,0.03687280159312153,0.0009288727413095485,0.00012871920017447157,3.920643543453522e-05
N4923HD,0.8815090842068891,0.10956482913341388,0.007596315378079385,0.0011617257330483488,0.00016804554856937037
N5076HD,0.8109848297204005,0.1869322309431313,0.0015894466723473197,0.00025102712465848375,0.00024246553946245293
N5079HD,0.27229123505117087,0.5411639104843021,0.12154697224865059,0.058416887086840265,0.006580995129036281
N5080HD,0.5178184578170509,0.41313222963150437,0.052096938733582364,0.01638452304981324,0.0005678507680491355
N5082HD,0.9304748099244664,0.0674406728315274,0.001554428418265576,0.00044060713201643796,8.948169372421487e-05
N5083HD,0.6531385721599565,0.33658373405878794,0.007374824924018799,0.0025631659791375736,0.00033970287809907625
N5085HD,0.4563402335739049,0.4823561592213297,0.05810560244652853,0.00271062007530594,0.0004873846829309664
N5051HD,0.4857280665415276,0.48078608780229243,0.03236571140484937,0.0010382393734960443,8.189487783454946e-05
N5039HD,0.03195409158519831,0.397039041612544,0.2837042451396484,0.24858873367991552,0.038713887982693734
N5088HD,0.8931280966835857,0.10403117877460392,0.0025965794476086896,0.00019015602586190732,5.398906833966636e-05
N5091HD,0.24422124347646,0.7534537933722728,0.0020822710195184686,0.00018033514357754167,6.235698817116181e-05
N5093HD,0.005316674091582619,0.04007174102491585,0.2146782475281482,0.6969741200090294,0.04295921734632398
N5100HD,0.001931937015951076,0.04435041567551156,0.11666687915945184,0.821794491988274,0.015256276160811466
N5103HD,0.05878916371019862,0.5719446316197578,0.237237247988661,0.10056566981140017,0.03146328686998238
N5104HD,0.9576211228602765,0.04021160940491929,0.0018496273370867077,0.00026252768176427603,5.511271595331312e-05
N5105HD,0.6852216452393162,0.2806180015654816,0.02946145601544233,0.0035353799086191495,0.001163517271140856
N5106HD,0.7472834168503837,0.24920595960567055,0.002442665347692502,0.0007836442747061925,0.00028431392154702864
N5109HD,0.7124351384406791,0.2814784414080377,0.0055579798829265585,0.0003569705913035958,0.00017146967705310718
N5112HD,0.6200917278950213,0.35902336859776574,0.018897283944283055,0.001809230785126183,0.00017838877780377053
N5115HD,0.8880092132513813,0.10893971425288082,0.002747069361983664,0.00023912826174978937,6.487487200441825e-05
N5120HD,0.00592965856314639,0.09585060708036587,0.158052562596871,0.6928110378323735,0.04735613392724315
N5121HD,0.6851721105478512,0.2756332188114372,0.029208345033274647,0.008952173464304238,0.0010341521431326728
N5122HD,0.6671737128785211,0.28354849266168375,0.03546421381493688,0.012780596644382438,0.0010329840004757967
N8305HB,0.7030684205440574,0.29238570154472265,0.0036294040646850942,0.000788739509954485,0.00012773433658034303
N5126HD,0.0879793814994411,0.49110456682124964,0.15380280450477493,0.24111989505208503,0.025993352122449305
N5128HD,0.8389076254306899,0.15100142145342552,0.009077168159563581,0.0008912123361887802,0.0001225726201323082
N5133HD,0.002758746161370625,0.06094026874981777,0.1262080908685442,0.7909758068775119,0.019117087342755433
N5135HD,0.8401549939513749,0.15380234454110261,0.004946991494664642,0.0010085595750682662,8.711043778951108e-05
N5143HD,0.8815211510048124,0.11685363628988657,0.001414018367085633,0.00013608590103068695,7.5108437184673e-05
N5144HD,0.16891293277565916,0.5390879177696685,0.2614318762484747,0.02945652284231278,0.001110750363884863
N5149HD,0.31955519482161776,0.530256550109129,0.09654665844330128,0.041881595553257864,0.011760001072694124
N5152HD,0.7123054866043925,0.2664915772339859,0.019943328887144295,0.0011488559069829005,0.00011075136749440211
N4394HD,0.3275179665783655,0.4531409327716978,0.19035101276272814,0.027460171679011658,0.0015299162081969216
N5029HD,0.20524215392247092,0.5594431773400108,0.21478347000457904,0.017498574724695383,0.0030326240082438603
N4368HD,0.937256477909379,0.06120669639677456,0.0013261500878788426,0.0001538577086281898,5.681789733929173e-05
N5013HD,0.31074332404302124,0.6543990981526299,0.026932183597190473,0.006368847909063141,0.001556546298095211
N5153HD,0.752915737025042,0.22275695156313172,0.021327751637554494,0.002406141448305171,0.0005934183259664339
N5157HD,0.9381117593618074,0.05987788110610187,0.0018983786677106006,8.271117787470694e-05,2.9269686505525675e-05
N5170HD,0.4784417667681825,0.33066081776475775,0.15055689983470602,0.03901124489653434,0.001329270735819512
N5172HD,0.8969303530894029,0.09965449525196284,0.0029514441370482748,0.00032880414633096853,0.00013490337525501464
N5173HD,0.7688074800571928,0.2114696222127565,0.017404282796637537,0.0020701460078998224,0.00024846892551322954
N5147HD,0.5424027019687286,0.4269015370552188,0.024407853686142993,0.006029626606545028,0.0002582806833644348
N5178HD,0.7383698484888606,0.25717094514637545,0.0030985247602705896,0.0012064675222734573,0.00015421408221988155
N5180HD,0.7107986790309143,0.27996927164314855,0.007320359139748029,0.0008583901053832308,0.0010533000808058246
N5181HD,0.6313909657597474,0.2877546260112857,0.07761430340093986,0.0029235346775178337,0.00031657015050912883
N5182HD,0.9387413630421785,0.05995251165838098,0.001214736305194006,6.779001347711618e-05,2.359898076949537e-05
N5183HD,0.11715810828326927,0.8794834479330491,0.0031768560609106516,0.00013858600642616337,4.300171634463011e-05
N5185HD,0.3436946020844374,0.4627869790593733,0.13636648721288003,0.05107128889374981,0.006080642749559525
N5187HD,0.21038287247905457,0.670945408090901,0.09780478234123986,0.017687837989149368,0.0031790990996552393
N5188HD,0.3745853412890364,0.4859903329758528,0.05382944973039171,0.0820880499584937,0.003506826046225351
N5190HD,0.022907067516187908,0.2207096736401383,0.23455103613534187,0.4899411193511325,0.03189110335719941
N5192HD,0.6036888870960833,0.39246766865056293,0.003594659121046356,0.00018491282679096034,6.387230551648632e-05
N5193HD,0.6765765386341909,0.28853899679939754,0.027723866059895207,0.006573089478167299,0.0005875090283491501
N5197HD,0.9019112254640211,0.09671401298522354,0.0012258066087629661,0.00010952415498051489,3.943078701185863e-05
N5198HD,0.0993019682096799,0.5239263596857489,0.23551544585939066,0.13754240328352502,0.0037138229616557614
N5199HD,0.8370859973562611,0.15558020356136068,0.005411567397982697,0.0015407800438269545,0.00038145164056862743
N5200HD,0.670811246471037,0.2978515429799244,0.030120102791316782,0.0009591337688638908,0.00025797398885798496
N5203HD,0.11316926468430166,0.4450158214127871,0.1479170433116461,0.28081013172984126,0.013087738861423809
N5209HD,0.11917960958520435,0.36184329021419714,0.1960856615976453,0.31451817835569634,0.008373260247256903
N5212HD,0.883161672319884,0.11519746261332202,0.0013965353427090326,0.00017379551250674882,7.053421157822164e-05
N5215HD,0.5101324620373495,0.468079096906728,0.018638327319073854,0.0029062051124020315,0.00024390862444677365
N3574HD,0.8467968857267248,0.14127451667425844,0.009733849921415249,0.00198501344648195,0.00020973423111959682
N4760HD,0.042419060775560194,0.5680141381927927,0.29118473803864386,0.08916020369218203,0.009221859300821266
N5225HD,0.6384728681863201,0.33937628498133243,0.017378729646102247,0.0045907585260967065,0.0001813586601485692
N5226HD,0.571072966897113,0.41542629948662724,0.011027631364508293,0.0023015900507957487,0.00017151220095590472
N5227HD,0.8728568849422936,0.12332737890464962,0.003466628517408132,0.0002517005253223254,9.74071103262486e-05
N5233HD,0.011857344892341245,0.11476307883513417,0.3791453442160789,0.4628554657912337,0.03137876626521202
N5238HD,0.8981687609120925,0.09445053212496507,0.006537823030952229,0.0007354504571653418,0.00010743347482483692
N5241HD,0.8451787587163851,0.15169383868587355,0.0023770787811478603,0.000607192355800394,0.00014313146079297404
N5243HD,0.006855949084551639,0.07729161224613061,0.44026379318027614,0.456914551031672,0.018674094457369558
N5246HD,0.7787847245827695,0.20669561228345787,0.011026209468401077,0.0030720250963574077,0.00042142856901414386
N5247HD,0.001296301278680612,0.012373715527956958,0.2864942999599456,0.6971711962009175,0.002664487032499362
N5248HD,0.7295338321977871,0.2632621079783451,0.005121832717990588,0.001961787091828925,0.00012044001404825336
N5253HD,0.7650186991104186,0.20834248159371546,0.023454248642289118,0.0022155733531527715,0.0009689973004240182
N5257HD,0.10584380436933416,0.36153833320842943,0.20258416157289488,0.31253334389748666,0.01750035695185475
N5259HD,0.007782589393345049,0.06358696236371723,0.08460667889589688,0.25614145137644384,0.587882317970597
N5262HD,0.04793016802660223,0.5965560725108521,0.35328773840261113,0.002025798483988406,0.00020022257594611982
N5266HD,0.40184766363305846,0.47439503173529884,0.117884159828753,0.0053097223578320195,0.0005634224450577082
N5270HD,0.6061093950553512,0.39061941814520806,0.002517109043461438,0.0006146240660158001,0.00013945368996354782
N5271HD,0.7110676675098077,0.2655997158811326,0.02075173416539688,0.0025182804348057725,6.260200885705874e-05
N5273HD,0.7572149383891995,0.22834753617221049,0.011262844841431138,0.0028933738021251327,0.00028130679503370916
N5274HD,0.8903017715852085,0.10837999481710273,0.0006938625992165031,0.0005528407792315939,7.15302192406134e-05
N5211HD,0.36244393926211915,0.44623144496050404,0.052358474303701094,0.13706435874823222,0.001901782725443519
N4843HD,0.5320271135432696,0.39147553054018147,0.052673702083302444,0.019584028523211117,0.004239625310035453
N5287HD,0.7378386467941992,0.2553461498863857,0.005592506003940456,0.0011272783376660301,9.541897780866432e-05
N5286HD,0.05679602948507305,0.36537954531925454,0.3754802611695868,0.159306381942687,0.04303778208339847
N5292HD,0.10641014870664653,0.37003293589846553,0.20718007221417506,0.29964523619523886,0.016731606985474014
N5294HD,0.7276597132680793,0.25346754623014844,0.018218238998440984,0.0005295509582252613,0.00012495054510590676
N5296HD,0.18088650477457527,0.5680142154318583,0.18688918440618876,0.06275608028772768,0.0014540150996500876
N5298HD,0.8397236171710526,0.15626202204768166,0.002831749487705689,0.0009025951198505368,0.0002800161737094626
N5303HD,0.7788529017234234,0.21458769659573096,0.006077566683081573,0.00040206866713759435,7.976633062632842e-05
N5305HD,0.09353777851243153,0.6714757764644905,0.21622937115507415,0.01842939261683553,0.00032768125116828986
N5306HD,0.8558353443339206,0.14291520591200407,0.0009213788141191684,0.00022899234996038103,9.907858999581206e-05
N5307HD,0.15626946208050382,0.6873052062522083,0.10616730189350942,0.04323055947309811,0.007027470300680271
N5311HD,0.1711533282778196,0.6375366771418735,0.17693611600210044,0.013899481889482927,0.00047439668872368635
N5314HD,0.8166581833518574,0.17032304083962144,0.008594741454817444,0.003594769697952805,0.0008292646557509145
N5073HD,0.10412542379920794,0.5340341727505066,0.3033530269788861,0.056872400026392066,0.0016149764450073174
N5277HD,0.07285661221222947,0.24162244699971377,0.383745149312848,0.27775853018651403,0.02401726128869482
N4885HD,0.9434599862309542,0.053494959482964885,0.002694078741313507,0.00031533809428410756,3.563745048330922e-05
N5318HD,0.04665773429190566,0.5419435740610472,0.2976617629491231,0.09769716725931604,0.016039761438607962
N5321HD,0.7821487482607442,0.21585759610435615,0.0016040571546867741,0.00030749435525930576,8.21041249536083e-05
N5323HD,0.9161452465359806,0.08243463974388351,0.0011994651066641825,0.00014205093819979794,7.859767527175252e-05
N5324HD,0.7192193497007012,0.27414547644057785,0.005428899871309145,0.0009423074787545593,0.00026396650865733877
N5326HD,0.8361520022955602,0.15852990463216027,0.004176465977616128,0.001034215775376545,0.0001074113192868071
N5327HD,0.5930968875499864,0.38903630660023875,0.014237456979997277,0.003241699623085984,0.0003876492466917781
N5329HD,0.1858533174177622,0.7578250833857381,0.04624488612229645,0.009303386502441354,0.0007733265717618185
N5331HD,0.9258257703443779,0.07223744734812462,0.0014281925605292498,0.0003388291034488888,0.00016976064351934312
N5332HD,0.7423704959416403,0.24935107927551708,0.005277815725205538,0.0028426528061633017,0.00015795625147376483
N5333HD,0.8386504315078842,0.155953681020124,0.005102201122615067,0.00023485371662336366,5.8832632753400635e-05
N5334HD,0.03499191024388606,0.962852383856788,0.002039373118393088,8.806003384943136e-05,2.827274708359479e-05
N5338HD,0.011272492091986962,0.12920286815188314,0.42107946830328774,0.3249928128041148,0.11345235864872727
N5339HD,0.2541547840730655,0.525949418525645,0.1698558622255899,0.0433802745857842,0.006659660589915381
N3820HD,0.09056868437905811,0.2847981027004768,0.5316873652761356,0.07837643982701199,0.014569407817317585
N5342HD,0.8364395652824411,0.16143020251731516,0.0015603482293628677,0.0004207035331674072,0.00014918043771349035
N5345HD,0.6488726285424719,0.28628889895947207,0.050191028183143124,0.01340043335573549,0.0012470109591774523
N5346HD,0.775241520822079,0.22336858123789943,0.001110738949282156,0.00019723126525937672,8.192772547997577e-05
N5348HD,0.015540335845424072,0.18453370252506857,0.2543323573551971,0.3533779423783788,0.19221566189593142
N5351HD,0.378526307687942,0.4995919479109296,0.09826420052468379,0.023187259005876044,0.00043028487056866616
N5354HD,0.003632967419368692,0.0268667621428815,0.2121438756232489,0.7547911843618447,0.002565210452656284
N5355HD,0.5353390777314619,0.4506643595036621,0.013220446134679325,0.000660412893732987,0.00011570373646375694
N5362HD,0.7560926249185467,0.23332720298005274,0.010087642086764534,0.0004074235620962764,8.510645253980868e-05
N5364HD,0.6278889038948481,0.3652128650645585,0.005335650922604447,0.0013890189648107167,0.00017356115317807095
N1264HD,0.048502399995451306,0.927017844130525,0.022812059586259974,0.0015886132524040968,7.908303535979266e-05
N4985HD,0.47819541980744723,0.5156091777093944,0.003584925243187409,0.001859717216945805,0.0007507600230251246
N5368HD,0.01302248176139693,0.1579119445305291,0.2900813141999457,0.46464951525116927,0.07433474425695892
N5371HD,0.8891383583804122,0.10558212930165078,0.004836214700448504,0.0003699875093904814,7.331010809793393e-05
N5372HD,0.7655900796564971,0.22965053858279288,0.004311801054690244,0.0003584584924059778,8.912221361385907e-05
N5373HD,0.4797865421437101,0.5164621795597022,0.003257211013330516,0.00036783803048278394,0.00012622925277445127
N5374HD,0.8884315032930736,0.10994974598213399,0.0014311262979284593,0.00012481713499119647,6.280729187262554e-05
N5377HD,0.8464660632858433,0.15221484937671664,0.0010685021244251566,0.0001832171672355871,6.736804577926575e-05
N5379HD,0.7459584978832683,0.24788532931407103,0.00342450998131258,0.002684871666738372,4.679115460969186e-05
N5381HD,0.02221976520681266,0.5093953734049876,0.1675549447174018,0.241263714523798,0.05956620214699991
N5383HD,0.0679000418276803,0.5888569915371079,0.2656295389746486,0.07124945860363857,0.006363969056924634
N5385HD,0.7001448774082208,0.2836257891229933,0.015268690230936596,0.0008352827454053008,0.00012536049244390752
N5387HD,0.040796645299361854,0.5711280793072604,0.26456978908953693,0.07453696762722181,0.048968518676619034
N5388HD,0.12058021328200812,0.38601252321078094,0.1483762912105069,0.32655178736818835,0.01847918492851562
N5389HD,0.09707478461764771,0.3758686269701127,0.5175364124611539,0.009317577323980296,0.0002025986271054834
N5391HD,0.7098762507061971,0.26052594324138767,0.025795203484044415,0.0030949530751900145,0.0007076494931807542
N5393HD,0.5065538279447878,0.4744036026651958,0.01699686238667798,0.0019033904590118895,0.0001423165443267199
N5395HD,0.8156032685530292,0.1687960512117458,0.013795493945193697,0.0013139180184893187,0.0004912682715420003
N5397HD,0.7900573356294546,0.19929173003164116,0.008895079153833356,0.0014603811810803091,0.0002954740039906293
N5398HD,0.7923285580506916,0.19848977872180593,0.007668348419650857,0.001220589854421052,0.0002927249534304987
N5386HD,0.30561359858719916,0.41609551392005406,0.2772198349851204,0.0009574847548972859,0.00011356775272929763
N2483HD,0.7657176630136238,0.21008640231021974,0.02038072668964036,0.0037436117675151716,7.15962190008548e-05
N5402HD,0.8413279671076431,0.15250762727555667,0.005791417617312572,0.00030455426525198185,6.843373423566294e-05
N5404HD,0.7434011987521718,0.21758628263919588,0.03555506063325705,0.002782395686844526,0.00067506228853084
N5405HD,0.9101834395041436,0.08798901224302609,0.0016618833238288256,0.00012142893649590314,4.4235992505549195e-05
N5407HD,0.41552253263332295,0.4834046382077501,0.08326875257950939,0.01429876572470878,0.0035053108547087597
N5414HD,0.546365845381376,0.45014443057738573,0.0032691077880279682,0.00016065362805586285,5.996262515434406e-05
N5415HD,0.7360717728644308,0.2588654107537414,0.004228233370041812,0.0006772972888810893,0.00015728572290488513
N5416HD,0.4932707783278981,0.49476719728386886,0.011558338710220575,0.00030913821401409256,9.454746399841238e-05
N5421HD,0.7819200507178724,0.20842384795849514,0.008067009683391758,0.0012280259463922293,0.00036106569384842575
N5430HD,0.8604300890424634,0.13857233519559542,0.0007631717066133424,0.00017766703490884386,5.673702041891966e-05
N5431HD,0.3120615041949598,0.20147974440420513,0.4848722220186573,0.001511199631133649,7.53297510440376e-05
N5432HD,0.6414517044763048,0.3549240419079206,0.002923941393862193,0.0005803127536178566,0.00011999946829451075
N5437HD,0.7671949747143433,0.22751031182793668,0.0050039665851603025,0.0001988392121303475,9.190766042933379e-05
