ncode,proba_0,proba_1,proba_2,proba_3,proba_4
N4541HD,0.7202458189323552,0.233752584292043,0.03912855070360114,0.00672636145868837,0.0001466846133123116
N4397HD,0.015472704284716074,0.2151302196054714,0.37909670992550343,0.37832767885049784,0.011972687333811235
N4544HD,0.9101169997626568,0.08896600723018062,0.0006603404357417812,0.00022677155242183713,2.9881018998857267e-05
N4545HD,0.16085975822642365,0.5370274511618882,0.09585803191965671,0.14853985705461148,0.05771490163741988
N4546HD,0.5879944131471914,0.3788156484647116,0.03241040924611498,0.0006555559459830836,0.00012397319599903538
N4550HD,0.7038558164511813,0.28552378809000845,0.010290656557890004,0.00027819088788676535,5.154801303341532e-05
N4551HD,0.7219893212469952,0.2764383562957139,0.0013203797821224044,0.00022021680075543,3.172587441312106e-05
N4554HD,0.2007529785621054,0.6744277351445553,0.11407389910042176,0.010030070708916459,0.0007153164840010479
N4555HD,0.549232356734833,0.38642694294591734,0.052145518729149944,0.011999018242268279,0.00019616334783148216
N4556HD,0.3678916553950299,0.450372082992694,0.12273970998242341,0.05307737143297233,0.005919180196880302
N4563HD,0.3783872715186673,0.48099011162288774,0.11688623677409246,0.023162885177782224,0.0005734949065703259
N4567HD,0.9219623004169977,0.07660415135368875,0.0008804612364537506,0.00038856679609083347,0.00016452019676897566
N4561HD,0.7629353679568762,0.23254519119807854,0.0029988181300499898,0.0014239194119926256,9.670330300267768e-05
N4571HD,0.24747190811823275,0.5878181196230287,0.15674814422655894,0.006895823073930445,0.0010660049582491588
N4574HD,0.964618076445998,0.03365204364874878,0.001428419001998655,0.000257606538206657,4.385436504799791e-05
N4575HD,0.5630986938262603,0.4226093455156552,0.013278973153263507,0.000876228181112513,0.0001367593237082557
N4579HD,0.2542946508182469,0.6652967352752772,0.051648505886309856,0.027529998700957008,0.001230109319209164
N4581HD,0.6275529897087575,0.285075053737174,0.07939984906995572,0.007818520705968154,0.0001535867781445438
N4584HD,0.649460859042475,0.340758475048284,0.009342718700842093,0.0003612744382301042,7.667277016895833e-05
N4578HD,0.8405948071741308,0.14960744892599828,0.00924254598670474,0.0004887984749837209,6.63994381824421e-05
N4590HD,0.6303751541614375,0.35683092210245787,0.011845862460602069,0.0007950182232557664,0.00015304305224676253
N4593HD,0.13612106663984141,0.40931499274509575,0.13132479796271176,0.3101716143150032,0.013067528337347773
N4151HD,0.19394407535340652,0.4029629767525611,0.2334677833265179,0.16718675204685898,0.00243841252065547
N4594HD,0.773971096869948,0.22401585168818827,0.0016641905423744343,0.00030628698590302454,4.257391358628563e-05
N4600HD,0.8275485486701539,0.1553871413766966,0.016428932600584402,0.0005969215011759176,3.845585138907775e-05
N4605HD,0.4077224282742879,0.24835365370924603,0.23929827269023857,0.10360161548137703,0.001024029844850498
N4612HD,0.5940618681214097,0.35334365783691357,0.046988666986038506,0.005394424406939135,0.00021138264869904563
N1701HC,0.15907513354548533,0.5788499082321577,0.2191326675718377,0.02405176266340195,0.018890527987117295
N3705HD,0.005645593453378309,0.06023609369259094,0.11251979135349346,0.4519732407640699,0.36962528073646744
N4589HD,0.6434499449921837,0.35172297566522,0.0032343486847908865,0.0014048660782889446,0.00018786457951647188
N4339HD,0.9419797534110488,0.05737446658500885,0.0005415609769373511,6.248282125366151e-05,4.173620575128214e-05
N4615HD,0.009486741935719998,0.171278781812537,0.14648009405104728,0.6464435681149305,0.026310814085765234
N4618HD,0.8401773934710807,0.15437363884369276,0.004062755016909808,0.001337919773008595,4.829289530829511e-05
N4624HD,0.5125390615495412,0.48240099859375485,0.004812985485873436,0.00020849233489009968,3.846203594034907e-05
N4626HD,0.8481431727320953,0.1496572388757981,0.001561177566667058,0.0005648596377601173,7.355118767953637e-05
N4628HD,0.2533390162205497,0.556602089491441,0.17693394878969443,0.01214192366598715,0.0009830218323277813
N4638HD,0.03127361163138602,0.21467523846006514,0.16517470373836687,0.42590259305636347,0.16297385311381846
N4639HD,0.7320600645816913,0.25210855313653624,0.01155851294511288,0.003955029741869025,0.00031783959479059925
N4642HD,0.8695387945081483,0.12641994218681646,0.0026621242063707908,0.0012841484424151604,9.499065624928924e-05
N4646HD,0.9100425113652287,0.0861024888098694,0.003469133296487055,0.0003548233823794552,3.1043146035326634e-05
N4631HD,0.8591940337948453,0.1366195337951032,0.003506422209209342,0.0006177436343738276,6.22665664684201e-05
N4656HD,0.04648580901968808,0.11702793187723115,0.3361024360043575,0.3526280618137842,0.14775576128493906
N4658HD,0.828711827441821,0.15113849369579452,0.014067287314443172,0.005960517407187419,0.00012187414075399013
N4661HD,0.6880055645821618,0.29016499643028193,0.018405702839836287,0.0031480667450921747,0.0002756694026277748
N4665HD,0.8138710406815376,0.18324576533167405,0.001714427616441407,0.0010813810372709363,8.738533307611036e-05
N4667HD,0.8932535869088685,0.1037015151737696,0.0027552649795771485,0.000258847402527703,3.078553525708823e-05
N4669HD,0.5237514068012328,0.46791622345635986,0.0060663291771429866,0.002129964431387796,0.00013607613387651697
N4673HD,0.2245922566279935,0.6784811475847338,0.08237852579552946,0.010545441222889872,0.004002628768853339
N0760HD,0.2057844728395509,0.761419617972928,0.02772970574773408,0.004775840980316614,0.00029036245947051465
N4672HD,0.8051848913187394,0.1816155743685967,0.01239149660940252,0.0007300301185055542,7.800758475579047e-05
N2593HD,0.8562720819720226,0.13644379237961488,0.006211147131308681,0.000993075779985236,7.990273706864673e-05
N4677HD,0.49466094540415495,0.41333132587018795,0.07772257010194557,0.01407597684908396,0.00020918177462758654
N4680HD,0.39529954950533885,0.549143537869204,0.036796852377625776,0.016731363014046256,0.0020286972337850736
N4688HD,0.10599619006193237,0.37467480956449906,0.15368669831157758,0.2851159577778045,0.08052634428418641
N4689HD,0.8383357875419,0.14994246611689444,0.010748511458500155,0.0008385754193505592,0.00013465946335482058
N4691HD,0.033699483144640774,0.14041688413714554,0.3301265903966265,0.4352844137548438,0.060472628566743326
N4692HD,0.7459138961584648,0.21771411772533683,0.032439548617795,0.0034656036502019325,0.00046683384820157706
N4694HD,0.19263205173108333,0.640258521653269,0.15002930293452627,0.014869367004606277,0.002210756676515193
N4695HD,0.3315825132243483,0.523565526209515,0.13730855259918434,0.007377640275650794,0.00016576769130134306
N4699HD,0.6338954331045297,0.3640794618603137,0.001276883201818148,0.0005391153249555871,0.0002091065083827777
N4703HD,0.4481839226011471,0.4036175487779648,0.09571972948487732,0.028511624751159138,0.02396717438485178
N4704HD,0.0010115560183938022,0.00736634590882553,0.15089193231052422,0.8397355778773973,0.0009945878848591316
N4708HD,0.9317317125546858,0.0669102823868187,0.000993598304263844,0.0003261597935107579,3.8246960720989836e-05
N4714HD,0.7241146768237281,0.2250143290294521,0.042499641942778624,0.007107969555472946,0.0012633826485682089
N4721HD,0.1865923151416338,0.6955509616017972,0.11152339964215116,0.006018755141045714,0.0003145684733720436
N4722HD,0.827001443800817,0.16662443393004314,0.005812355195610111,0.00048769335804345874,7.407371548635157e-05
N4724HD,0.44892782550704596,0.5348063722048442,0.015542011308736225,0.0006618149661969607,6.197601317658476e-05
N4726HD,0.1279862344128631,0.7917162276810841,0.07933115719878478,0.0009270530476813508,3.9327659586573413e-05
N4735HD,0.6470040091380733,0.3507322471364279,0.0020254552487116734,0.0001335436063228025,0.00010474487046424174
N4063HD,0.4804889087707627,0.40646490462641366,0.07697560204730937,0.030772819215992408,0.005297765339521848
N4712HD,0.6519419333318177,0.33191392639670403,0.01125219716326031,0.004724631389844617,0.000167311718373162
N4738HD,0.34467415572786725,0.5709835632583339,0.06685809559083122,0.01677104381396436,0.00071314160900326
N4740HD,0.07145157839517474,0.21079682193427524,0.4318954925110193,0.27486698587835356,0.010989121281177237
N4742HD,0.03366370013461169,0.08832802513797718,0.3000812754231557,0.4200593473051953,0.1578676519990601
N4745HD,0.8275029352173033,0.16831821180461434,0.0030286181660641592,0.0010567410823835916,9.34937296345134e-05
N4747HD,0.9289095015199417,0.06150706382064307,0.007925851826273752,0.001547120803863981,0.00011046202927753027
N4750HD,0.6345221551705349,0.31834772551645024,0.04419760816763595,0.0022329321862287798,0.00069957895915009
N4752HD,0.0018662980386763208,0.04847467971327753,0.22961550976473094,0.6982460079627985,0.021797504520516858
N4754HD,0.7836388032274311,0.21439073777767897,0.001797072442014511,0.00012588691757769974,4.749963529766717e-05
N4755HD,0.3860032312385545,0.5801178004727721,0.026753665193639097,0.006281394502150611,0.000843908592883728
N4756HD,0.5627753857330493,0.4336681512478936,0.002293067917797888,0.0007044368406713313,0.0005589582605878163
N4757HD,0.8237361741347383,0.17344417834389442,0.002625679382657577,0.00012997413300917983,6.39940057005731e-05
N4759HD,0.5313205268116066,0.3975462357607516,0.06900757514816101,0.0018401805830074783,0.000285481696473439
N4762HD,0.8215762350494289,0.16923512116832054,0.007025851064715874,0.0019274182581558448,0.00023537445937887313
N4763HD,0.557050313639162,0.40242708352755746,0.03224421509809072,0.006972434695267052,0.0013059530399228826
N4767HD,0.6804553714724743,0.31350463840783294,0.0045824230263554425,0.0013436909045989461,0.00011387618873838984
N4769HD,0.20413212397424357,0.46004878476945066,0.26884980895966054,0.06520601828587042,0.0017632640107748596
N4770HD,0.8408565525945662,0.15613521293922877,0.0025532252492121567,0.00038117220293779606,7.383701405510481e-05
N4676HD,0.4846403320717062,0.3897737103639831,0.09012590268452364,0.03379678485556853,0.001663270024218459
N4614HD,0.708671124795113,0.2686631554393192,0.015592923748645163,0.006722755909226999,0.00035004010769570996
N4774HD,0.3329289107022818,0.608844456950117,0.05095930650745737,0.006791386034841046,0.0004759398053027996
N4778HD,0.0817151394845517,0.5652688461799535,0.1201256698167074,0.07010413877364366,0.16278620574514374
N4780HD,0.002952051010514778,0.0354091848316655,0.095336039151131,0.6547321170600434,0.21157060794664528
N4783HD,0.6318912691552849,0.3592238456384166,0.008476854698675412,0.0003082008628861382,9.982964473688341e-05
N4789HD,0.9154717856394974,0.07621518387108606,0.006786205299348485,0.0014054216708450618,0.0001214035192228543
N4792HD,0.5580478784760885,0.43830867257966377,0.0033169511379007553,0.00027532766715671053,5.117013919036732e-05
N4793HD,0.09969807402975443,0.7348225416973067,0.1575461968427329,0.007301829861685374,0.0006313575685205018
N4794HD,0.012306795422429021,0.2087175978400681,0.3051745480698733,0.43463364408497396,0.039167414582655526
N4799HD,0.8186439724315824,0.1775116895643106,0.0035649376931151918,0.000227281237699957,5.211907329179487e-05
N4800HD,0.8540216457609267,0.1363967588287171,0.008896143909857674,0.0006109209416008553,7.453055889770301e-05
N4808HD,0.32049781024130947,0.6761957053856955,0.0030491726439526505,0.00020703211342388336,5.027961561859765e-05
N4809HD,0.7536945630904427,0.2222197674736127,0.021621421737926253,0.002125188424150319,0.0003390592738680649
N4634HD,0.5931175626137307,0.3737536430822767,0.029133889517164634,0.003791465110152551,0.00020343967667543796
N4784HD,0.8841401751570996,0.1050162172530175,0.01029330531708669,0.000501269019449721,4.9033253346526276e-05
N4815HD,0.7191312329532766,0.27360940874093187,0.006311028406590457,0.0008983009746716261,5.002892452933237e-05
N4816HD,0.7411529679690367,0.2558120919633256,0.002557677176192738,0.00038895488563104013,8.83080058139416e-05
N4817HD,0.4157013450723637,0.49435423151846647,0.08858328127505954,0.0012582467563241474,0.0001028953777861393
N4818HD,0.8542997665224282,0.14425095817086792,0.0010326102244338177,0.00034628303045253244,7.038205181741592e-05
N4821HD,0.10219634626120486,0.8907570116079111,0.006610826717051441,0.0003915092264449206,4.430618738771369e-05
N4830HD,0.8237243151986977,0.17392050621791616,0.001918765441319388,0.00040910597593034174,2.7307166136424945e-05
N4748HD,0.8447309681829159,0.15158588956360347,0.0015402476267635905,0.0020171658044189004,0.00012572882229816952
N4684HD,0.5164020685723671,0.46519176296847303,0.017990445356345336,0.0003681252062416438,4.759789657285896e-05
N0389HD,0.13221468555204718,0.8423767283862515,0.02469360010718028,0.0006768650837554094,3.812087076547726e-05
N4796HD,0.6868397802613687,0.2940069648678737,0.01747377484711718,0.0015398469684469358,0.0001396330551934886
N4834HD,0.0013795609284263113,0.016474166729668015,0.1748729814472755,0.8031684484630656,0.004104842431564685
N4835HD,0.27645129371611177,0.7146463952500992,0.007997929502878125,0.0007946294591971621,0.00010975207171371052
N4837HD,0.6365272014555069,0.3568760710223664,0.006219121507780549,0.0003172555571839852,6.035045716206352e-05
N4838HD,0.1815184919410268,0.8082088693116756,0.009840718265359719,0.00036532823121436026,6.659225072360513e-05
N4839HD,0.15446879716807507,0.4402578496914388,0.3753310160468727,0.028382357183231077,0.0015599799103823172
N4842HD,0.8104302577567951,0.18216188917269668,0.006796420058622012,0.0004728130370429609,0.00013861997484315627
N4844HD,0.9005896079132952,0.09737137680218409,0.0017079396725559377,0.00022612124188098505,0.00010495437008360028
N4846HD,0.078427859550433,0.6344461416378817,0.2521320812085473,0.032988606516646354,0.0020053110864916507
N4847HD,0.7865779618388704,0.20784365731244897,0.005322206798923138,0.00020418807675965907,5.198597299779153e-05
N4849HD,0.2799718778533953,0.556121685378715,0.15577922166509292,0.0069171382647084025,0.0012100768380885816
N4852HD,0.24310065883689685,0.3518694853634671,0.3989982743494087,0.005857167311059486,0.00017441413916783764
N4853HD,0.6691272425412299,0.3258135875415968,0.004282542516177764,0.0007388199683430834,3.7807432652351106e-05
N4856HD,0.8674728801996503,0.12665394958894852,0.005594612446277823,0.00024741663469777034,3.1141130425639505e-05
N4858HD,0.8080761163510987,0.1761653027117881,0.015023164539029719,0.000682103556571036,5.331284151244908e-05
N4860HD,0.1856217638514714,0.6605254331714145,0.13587094930281307,0.016504237818622154,0.0014776158556789067
N4861HD,0.9083115833766682,0.0902539046583786,0.001333541801685114,7.494870025520799e-05,2.602146301305504e-05
N4863HD,0.39007092451903375,0.6064275739839993,0.003055921144144159,0.0003792732628768279,6.630708994603594e-05
N4864HD,0.7737030628126608,0.2103599328326144,0.014782366420855583,0.00111364454785867,4.099338601070437e-05
N4866HD,0.7828026138233954,0.2051388018820536,0.010969508622933933,0.0009861994489487734,0.00010287622266832202
N4012HD,0.5837959805808577,0.4071160355042925,0.008620613368196877,0.00042955933302773016,3.781121362515195e-05
N4825HD,0.20383652069858987,0.5487590762054814,0.1401341569753039,0.10600588953220061,0.0012643565884242155
N4875HD,0.0677731587885009,0.4069758715592585,0.30300105698549284,0.20189308243755494,0.020356830229192654
N4878HD,0.019447193056228627,0.17053595461034127,0.4964447972429743,0.21731533476301346,0.0962567203274424
N4883HD,0.17353071642699608,0.42985473788213263,0.3586199256418339,0.03747626734706787,0.000518352701969481
N4884HD,0.5093722080216295,0.4565958416496295,0.03144494887745847,0.0024596368776418688,0.00012736457364057377
N4887HD,0.5429769003291633,0.4469427511488327,0.008827721185229736,0.0011888593212714584,6.376801550278438e-05
N4891HD,0.5204321278210211,0.4569022634962513,0.019724445129499363,0.002855049987370084,8.611356585822617e-05
N4892HD,0.349188169585133,0.6179012278083194,0.03178652793971236,0.0009967078334162116,0.0001273668334190767
N4895HD,0.9447956806024227,0.05477588928752932,0.00033921489233998815,7.044905774717663e-05,1.8766159960833763e-05
N4899HD,0.5316115814330773,0.45515949238922004,0.012377787829401908,0.0007463030278847549,0.00010483532041604009
N4898HD,0.4041850447036359,0.5530025655182604,0.04180384995655995,0.0009035112315914807,0.00010502858995228258
N4902HD,0.6474863990916292,0.33720808212303255,0.010793774578622241,0.003807510764244397,0.0007042334424716544
N4904HD,0.20610202314497333,0.67775730895544,0.07895405600422646,0.035823899897859224,0.001362711997501115
N4906HD,0.5732780710343851,0.4195791336677644,0.005794289055585503,0.0012236848796864492,0.00012482136257858982
N4909HD,0.7986404008947379,0.18767432858700556,0.012344832285075973,0.001089117611248969,0.00025132062193172495
N4912HD,0.6872824381824405,0.3007827021024546,0.011153245383213934,0.0005764987331393857,0.00020511559875142365
N4913HD,0.5252768933970501,0.4549916327129351,0.018182541191455577,0.0014625543505243743,8.637834803477108e-05
N4914HD,0.3561238357071542,0.42409416750642503,0.2166631853304605,0.0030649301673221414,5.388128863820697e-05
N4908HD,0.7698070208850308,0.2273050148811651,0.0027058084352230747,0.0001350488623563301,4.7106936224754764e-05
N4937HD,0.8058663005256712,0.19086999447265915,0.0028607764205446414,0.0003341227346323409,6.880584649266876e-05
N4938HD,0.9103655189140175,0.08823199407319676,0.0012536814701419963,0.00011389599780103085,3.490954484273279e-05
N4949HD,0.810079044606999,0.17523422372473144,0.009523993966893822,0.005023822277787282,0.0001389154235885923
N4952HD,0.8671358874592773,0.12782770055387982,0.0045593264102954025,0.0004000150508918666,7.707052565566469e-05
N4954HD,0.5782174211407727,0.372080282467174,0.04727760991180979,0.0023173805414404987,0.00010730593880293321
N7917HB,0.861084549330446,0.13597159063808645,0.0021885748703987977,0.0006975322237628408,5.7752937305998914e-05
N4951HD,0.6782189221074841,0.3142254870625677,0.006913618597036967,0.0005415613669534592,0.00010041086595781387
N0385HC,0.12740564394564488,0.8373476257373615,0.032072294393476454,0.0029074790811104132,0.00026695684240665046
N3920HD,0.5591663043106573,0.3995915502995421,0.025146592745654738,0.015609264945177549,0.00048628769896840644
N9498GW,0.654032989858622,0.20604286838896702,0.1315181571049437,0.008286920879099017,0.00011906376836824932
N4961HD,0.8897624957223158,0.108787527446602,0.0012353026953959697,0.00017489659343942278,3.97775422467835e-05
N4965HD,0.698843614562764,0.2761377126896585,0.023244444899485562,0.0016674363482084079,0.00010679149988353867
N4967HD,0.7895590558206868,0.2040396316468535,0.0032708172903515844,0.0026414138477939856,0.0004890813943141353
N4968HD,0.5506699992149674,0.3721300263411826,0.02389668896820631,0.05210169173553425,0.0012015937401095393
N4973HD,0.7803831133875013,0.19471782324774162,0.009912811198177683,0.014902174690710063,8.40774758693187e-05
N4976HD,0.16694307975426434,0.36663386875125353,0.42423698083005057,0.04161404129673562,0.0005720293676959934
N4977HD,0.8586015947965814,0.14035802846816997,0.0009319180825581904,6.156104998631868e-05,4.6897602704145064e-05
N4978HD,0.5592740674337365,0.43373965204991893,0.004276907047032244,0.0024659362310704112,0.0002434372382418355
N4982HD,0.3913093470208676,0.5327024674249135,0.06940049580019902,0.005135700253157197,0.0014519895008627969
N4983HD,0.3488131375796384,0.5236845964773449,0.08757497687888326,0.03898968775536017,0.0009376013087733307
N4984HD,0.8505238887159283,0.1442096080607362,0.004804174013686405,0.00039133319766824646,7.099601198081239e-05
N4992HD,0.0044607708935671606,0.07728900467530933,0.2878675193694069,0.5240606097259239,0.10632209533579269
N5000HD,0.4427058124503255,0.4741799718950884,0.06622776454716865,0.01656445462121204,0.00032199648620551054
N5006HD,0.4660133233317131,0.5177212432768188,0.011115444939351534,0.004992489785447115,0.000157498666669569
N5007HD,0.7114512465586096,0.2775807606499675,0.009092980246135599,0.001228059757138998,0.0006469527881483914
N5008HD,0.7979962268235392,0.19464438382081192,0.006364316712069304,0.0008467802838427374,0.00014829235973681467
N5011HD,0.3850967921947948,0.6126939293413598,0.0017663651079296906,0.00036039637696937056,8.251697894641797e-05
N5020HD,0.7316083709306627,0.2633258456213354,0.00415378223720162,0.0006847965449402049,0.00022720466585999694
N5024HD,0.6782032353440982,0.3199159357609123,0.0013494637197174139,0.00044869984794775194,8.266532732424378e-05
N4826HD,0.8213888502571406,0.17236025125523094,0.004582467235027464,0.0016023070591422988,6.612419345871528e-05
N5032HD,0.8622759568672734,0.1247608345888624,0.007935129278805336,0.004922518120229761,0.00010556114482917624
N5041HD,0.8769424548201157,0.12162189125740128,0.0011524291030875337,0.00023035985507315263,5.2864964322414944e-05
N5043HD,0.9240156597757906,0.0722019204990487,0.0033947271855496327,0.0002975433500983624,9.014918951285607e-05
N5044HD,0.35634300754733333,0.5343846981043077,0.08292775346451897,0.02385208887658738,0.002492452007252597
N5045HD,0.8988748498151349,0.10041382727623742,0.0006238774963277857,6.111472383336924e-05,2.6330688466445122e-05
N5004HD,0.8856086703520601,0.10237051070129988,0.007897928660871838,0.0038986096363987826,0.00022428064936934043
N5055HD,0.5375540121762051,0.4254090478662655,0.021694320266920263,0.01449273834066558,0.0008498813499433712
N5056HD,0.09959161710792681,0.6531916788111944,0.12840396158225267,0.10069872602588914,0.018114016472736968
N5057HD,0.7052699409424326,0.2797145083955216,0.014146363928460748,0.0007272586145377083,0.0001419281190472032
N5059HD,0.7782197026009768,0.2083991793438605,0.010611042908639682,0.0026913155914149653,7.875955510795237e-05
N5061HD,0.7063570425109471,0.27573209854035785,0.017397628060491176,0.00044440334757072546,6.882754063310111e-05
N5018HD,0.9017183792084106,0.09379357821548293,0.0038051305443694595,0.0006157852206692323,6.712681106779166e-05
N4896HD,0.6329376340149201,0.3555972249774274,0.00789232027853754,0.0032846200943625198,0.00028820063475252903
N5064HD,0.8346524250959518,0.15376789536522034,0.008963150055660757,0.002549498837539625,6.703064562729657e-05
N5065HD,0.5689074105217047,0.3357790236408559,0.08861880039647325,0.006530967027338503,0.00016379841362771215
N5067HD,0.19110743505302247,0.609146652736472,0.12455833079600367,0.07408691327111838,0.0011006681433835823
N5070HD,0.14486978776704765,0.4372678651530255,0.38734621219288035,0.030229178039976552,0.00028695684706995335
N5071HD,0.6413059086023462,0.3400931533080339,0.018088443679423326,0.0004331398371433118,7.935457305326268e-05
N5072HD,0.6731834341099614,0.3092198020868138,0.016944014023274452,0.0005418934493221072,0.000110856330628119
N5074HD,0.7078641272350171,0.28256283058113596,0.007500692594326104,0.0017185986257087099,0.00035375096381209855
N5075HD,0.9454623465975962,0.05276791007133504,0.0014847836168561718,0.000257239200302105,2.7720513910532235e-05
N4923HD,0.8351526780557232,0.1476649362601108,0.013074780315176953,0.003901150538770615,0.0002064548302183254
N5076HD,0.7975650859156456,0.20123956157861986,0.0009965305125757891,0.0001318439809411443,6.697801221753027e-05
N5079HD,0.20451951892953818,0.5703940572070432,0.1306612900480933,0.08779229589121519,0.00663283792411018
N5080HD,0.495177789055343,0.43058813161521226,0.05862693293891519,0.01521716884070122,0.00038997754982835137
N5082HD,0.91361098312647,0.08488909428594978,0.0010017212278467685,0.0004621045538913758,3.609680584191356e-05
N5083HD,0.6047394578796144,0.38070956228939634,0.011544386296414497,0.0028357636546921952,0.00017082987988260715
N5085HD,0.5423162762082783,0.3743972655340368,0.07485394649704699,0.007368784362438212,0.0010637273981997457
N5051HD,0.50979575394765,0.474967185451279,0.014170131056374055,0.00101158755024692,5.534199445011898e-05
N5039HD,0.03386881048675751,0.2726351835816366,0.3387370370341321,0.2996832832769966,0.055075685620477176
N5088HD,0.8294704955386774,0.16524898821415693,0.00495063791802189,0.00028358376473807236,4.629456440588348e-05
N5091HD,0.2798187517446058,0.7173595201212827,0.002574618105547468,0.00020441712764049798,4.269290092371357e-05
N5093HD,0.0023311724893329134,0.05396529473897158,0.15399201025617998,0.683897181163278,0.10581434135223748
N5100HD,0.0018371947876489087,0.03680879832348451,0.07586711657062299,0.8659214558795977,0.019565434438645855
N5103HD,0.04362407978378375,0.6037026201091633,0.23897648759313017,0.09902966168571833,0.014667150828204417
N5104HD,0.9541849915753439,0.04203371308206869,0.0032405430723011705,0.0004949293979366239,4.582287234956778e-05
N5105HD,0.8503173375201992,0.13357872373102184,0.013425465549095012,0.0018277989372089247,0.000850674262475101
N5106HD,0.6954230218884857,0.2980061526238478,0.00569817317151,0.000687846651642442,0.0001848056645141044
N5109HD,0.6079062144242338,0.3880383475324626,0.0038234338399739504,0.00015801293890799675,7.39912644216604e-05
N5112HD,0.5627111768486979,0.41555201294512595,0.020183639079294026,0.0013597454585290124,0.0001934256683532396
N5115HD,0.8979847339983072,0.09885821677387735,0.002959777089855331,0.00016768590196042805,2.9586235999825125e-05
N5120HD,0.02139877491029732,0.0997211076721349,0.15253129335319832,0.6476724140415928,0.07867641002277652
N5121HD,0.6571103507046493,0.30705401443367925,0.02323465406108908,0.012018374205600592,0.0005826065949817792
N5122HD,0.6993783250820523,0.2322062786123061,0.04396700406289807,0.020880299112047133,0.003568093130696351
N8305HB,0.7004706779503314,0.2972557223993374,0.0015746475333077458,0.0006384540810160783,6.0498036007502036e-05
N5126HD,0.2842926405126826,0.5418344416676661,0.10134125939788645,0.06125783135997167,0.011273827061793192
N5128HD,0.8854030843154461,0.1080197828419717,0.005824607396455139,0.0006816430238212455,7.088242230573285e-05
N5133HD,0.007704678789377617,0.07917929865463263,0.1259041465281612,0.7690348479248729,0.0181770281029557
N5135HD,0.8279426812806477,0.16170761362178587,0.008385935598515939,0.0019255681851537507,3.8201313896886405e-05
N5143HD,0.8766710495466714,0.12153958539825035,0.0015943701238891063,0.00014761132258493621,4.738360860419742e-05
N5144HD,0.14297183712840328,0.586530362644907,0.24550213100643292,0.023831865261265833,0.001163803958991037
N5149HD,0.2394800278273407,0.6081926455207614,0.08720975806250822,0.057015782663239145,0.008101785926150663
N5152HD,0.7067984411872824,0.27857158542591465,0.013207878014065439,0.0012459291632237392,0.0001761662095137461
N4394HD,0.32912122274264527,0.47277534288117984,0.15502843027055568,0.04221132614431029,0.0008636779613089474
N5029HD,0.16823457470510017,0.6228671665073829,0.15602372335740125,0.04977558792379279,0.003098947506322827
N4368HD,0.9420882956524173,0.05705929971417987,0.000709566925374286,0.0001145838642989968,2.825384372961616e-05
N5013HD,0.3023799669741937,0.6761265237768062,0.012955720921657882,0.007606495091635616,0.0009312932357067143
N5153HD,0.7533056375781106,0.2285829165154219,0.014456589564229808,0.0032807141543558286,0.00037414218788193397
N5157HD,0.9151237301295913,0.08239035503997517,0.002298952633107085,0.0001637107409801912,2.3251456346327143e-05
N5170HD,0.5285554994080464,0.3195787870996874,0.09861838369467783,0.05183512245993625,0.0014122073376520365
N5172HD,0.8461560535174012,0.14508211279234337,0.007715391927801113,0.000900362124911907,0.00014607963754239043
N5173HD,0.7057985105403688,0.26193496846142506,0.03054652827036522,0.0016209918870100158,9.900084083082185e-05
N5147HD,0.5458501765019577,0.38833525967491855,0.052813842446784096,0.012589399682405283,0.00041132169393437456
N5178HD,0.688005736649965,0.3036011049793555,0.005756811919339124,0.0024252515424144083,0.00021109490892598113
N5180HD,0.6863947277643418,0.3099001648716787,0.0023966674010461038,0.0009874831420967505,0.00032095682083660096
N5181HD,0.5222698318664004,0.3639230938632102,0.09746367709424746,0.01583899019819373,0.0005044069779481413
N5182HD,0.9374491686056707,0.060910621925692535,0.0014962911663232389,0.00012365396044590037,2.02643418675894e-05
N5183HD,0.10130042464458684,0.8962970096194693,0.0022307062337227584,0.00013844239137486805,3.341711084613867e-05
N5185HD,0.23285932000038606,0.47392794941235267,0.22521279725671456,0.06613698070903676,0.0018629526215099782
N5187HD,0.27988051173422496,0.6348415979424107,0.06532730601488174,0.019002378759870008,0.0009482055486126686
N5188HD,0.6240958914642926,0.2622537819175438,0.032470709625704794,0.07748464065855347,0.00369497633390539
N5190HD,0.02088010734153519,0.1626709366180521,0.15186019976271747,0.6184281140304112,0.046160642247283945
N5192HD,0.5050163153838307,0.4888640942925804,0.0058555852006789795,0.00022429804173571113,3.970708117422604e-05
N5193HD,0.674552591321666,0.2904506206933354,0.02833436028088358,0.0062765400877903095,0.00038588761632469355
N5197HD,0.8673633742833052,0.13066052965599304,0.0017685388980846991,0.00016927745455399664,3.8279708062838875e-05
N5198HD,0.07039999577120536,0.4217540411419395,0.3030343490632772,0.20396074946816406,0.0008508645554138723
N5199HD,0.7867790460104676,0.19720644655203903,0.01432498741603679,0.0015583916897962493,0.0001311283316605199
N5200HD,0.7621467750994755,0.21959249178007756,0.01719761972232593,0.0008556850182692959,0.00020742837985173796
N5203HD,0.22343619341196677,0.4909109840753896,0.10685650832306834,0.17239704891202834,0.006399265277547024
N5209HD,0.11504754606952579,0.29383271208446443,0.20329632634190795,0.36845112495846016,0.01937229054564168
N5212HD,0.8925039427013999,0.10637758467305716,0.0009642287775333245,0.00011904234725687326,3.520150075264848e-05
N5215HD,0.4831609945969972,0.49635694777650663,0.017929886710369207,0.0023785153509207737,0.00017365556520620155
N3574HD,0.8392539149484838,0.15125161640417212,0.007400695362034753,0.0019388156131945854,0.00015495767211460513
N4760HD,0.05674606418668162,0.6461759614745771,0.22220225367271623,0.06270703328623056,0.012168687379794473
N5225HD,0.6910602174596612,0.29600284911842634,0.010290423207524874,0.0024685265289768393,0.0001779836854107158
N5226HD,0.38952456128185914,0.5622885887489494,0.031074587066892832,0.01614050622285309,0.0009717566794456261
N5227HD,0.8403170710520993,0.15097427246579628,0.008074952535192742,0.000555216839300321,7.84871076112911e-05
N5233HD,0.009731752704936706,0.1288510954447665,0.2806794906164912,0.5264828849782675,0.05425477625553811
N5238HD,0.927771460810136,0.06605176951849527,0.0053272307931978066,0.0007685261055468322,8.10127726241038e-05
N5241HD,0.8195545243150038,0.17339188185632262,0.0060585071158333744,0.0008937678215676294,0.00010131889127259531
N5243HD,0.008407976238046651,0.10964319787794563,0.3258472422848332,0.5453107402207127,0.010790843378461912
N5246HD,0.8179139093524433,0.17443520649412173,0.005054580344603378,0.00243979209409679,0.00015651171473487767
N5247HD,0.001334960366166415,0.008213442410920625,0.20383507118864674,0.7857272759941933,0.0008892500400728878
N5248HD,0.5326079132445104,0.4383663441193241,0.025214845206773296,0.003540329844172657,0.00027056758521942504
N5253HD,0.5993923885639787,0.35595465130717263,0.03955159134127259,0.004371974568141071,0.0007293942194349634
N5257HD,0.1771906684355205,0.39528479243439174,0.19047951469380403,0.2181008191837046,0.01894420525257909
N5259HD,0.02128471582746313,0.14141268227258713,0.2367430005596586,0.3172301100892662,0.28332949125102486
N5262HD,0.40550044084441106,0.4666012812949706,0.1259056646554284,0.0018155833909834194,0.0001770298142064817
N5266HD,0.6272692557615281,0.26108061104248936,0.10665257274766513,0.004713732454957403,0.00028382799336012577
N5270HD,0.49880859835415625,0.4952414201513746,0.004922858206019191,0.0009555830231636499,7.154026528628993e-05
N5271HD,0.7707405058222188,0.22170839918579258,0.005942949334396949,0.0015272765288285124,8.086912876310828e-05
N5273HD,0.8117557020216408,0.17461429241165713,0.010150240201004886,0.003360435307110307,0.00011933005858703561
N5274HD,0.9204014964728428,0.07800384097247963,0.0011868630640855706,0.00036110625948731524,4.6693231104609775e-05
N5211HD,0.4455422758555172,0.44010659537886526,0.07066072876791926,0.04267639724418815,0.0010140027535099866
N4843HD,0.6230598631149308,0.3180773307673537,0.04058399041275904,0.014905041085481107,0.0033737746194754115
N5287HD,0.5677446272668429,0.4263197490187885,0.0052346038730848796,0.0006431374896192434,5.788235166446461e-05
N5286HD,0.07000189491782262,0.4249430759905228,0.3148682620648994,0.16694838726310018,0.023238379763655122
N5292HD,0.1841814922975062,0.40068292916804066,0.18422685512365786,0.2139259998370054,0.016982723573789854
N5294HD,0.8784113383974457,0.1106150059286175,0.010311647712874641,0.0005822145590840985,7.97934019779588e-05
N5296HD,0.21897667418998448,0.5844064554220352,0.1580061103031944,0.03639021004101222,0.0022205500437736973
N5298HD,0.8028646261806165,0.18948114508403097,0.0045230237042982215,0.002683239747168554,0.0004479652838857982
N5303HD,0.7849050346643562,0.2110647907728019,0.0035102223070955984,0.0004554660998040016,6.448615594228105e-05
N5305HD,0.2708503910116223,0.5995715894886919,0.09485378545909502,0.033235456152517655,0.001488777888073187
N5306HD,0.8653811693926509,0.13287816901387245,0.0013541279140897404,0.00031775796114013,6.877571824680702e-05
N5307HD,0.2312161404714133,0.6017132253538916,0.12455471412026846,0.0365460725589911,0.005969847495435519
N5311HD,0.5065978769370851,0.4331681490788462,0.03768941138183011,0.022034771610407736,0.0005097909918308127
N5314HD,0.8127372936680561,0.17525952493321323,0.009170509797434185,0.0024404773412272747,0.0003921942600692401
N5073HD,0.1114768462271791,0.36393075300109096,0.2881646015932543,0.23307977318642648,0.003348025992049182
N5277HD,0.057516589285749785,0.24131221431954822,0.25759014897001864,0.4172166353032506,0.0263644121214328
N4885HD,0.8158655265222015,0.17497010362074356,0.007935648482596546,0.0010994072607712747,0.00012931411368710308
N5318HD,0.03931038021183138,0.5772037719265184,0.24773066731297844,0.1300754230113189,0.005679757537352924
N5321HD,0.7784472000064533,0.21722258577920134,0.003961948150195829,0.0003039113939477012,6.435467020184853e-05
N5323HD,0.9346218275517826,0.06406356644666757,0.001142385339874955,0.00012024318268868794,5.197747898622996e-05
N5324HD,0.6918526148353665,0.27592474768577074,0.028768734312817797,0.0029727977163191512,0.0004811054497256701
N5326HD,0.8436224831741846,0.15164270633554983,0.0032557579574963476,0.0014186049999187433,6.044753285048383e-05
N5327HD,0.33151353796456834,0.650015698638079,0.012337895563781428,0.005768228560293586,0.0003646392732777275
N5329HD,0.25403138234085915,0.7188831626759457,0.020045077724992522,0.006372639106090592,0.000667738152112121
N5331HD,0.9500904185322122,0.048988215977301366,0.0007013287379566564,0.00014479559523993316,7.524115728972142e-05
N5332HD,0.6602168484174951,0.3266921356703787,0.010440247889223106,0.0025586255568081978,9.214246609503748e-05
N5333HD,0.8112481438427965,0.18434377388945483,0.00414116262706363,0.00022971616990608967,3.7203470778985595e-05
N5334HD,0.06384675763771183,0.9326351650572432,0.003390186119992354,0.00010563165244026683,2.2259532612188553e-05
N5338HD,0.02739082751258749,0.19464329161092345,0.4512488323942342,0.2994737609070583,0.027243287575196562
N5339HD,0.22671686694744042,0.5307717889947415,0.16479978878483953,0.06291498021230545,0.014796575060672973
N3820HD,0.039686128494449704,0.2848092744303708,0.4965599285813812,0.14233435145850842,0.03661031703528994
N5342HD,0.8292388382135926,0.1682387521776837,0.001725668244272408,0.0007069658570680139,8.977550738338605e-05
N5345HD,0.6500671692746239,0.2880013593890164,0.0472319743563284,0.013889348384134748,0.0008101485958964868
N5346HD,0.6331751928558688,0.3652359735858304,0.0012698428593804483,0.00024269910820379437,7.629159071659579e-05
N5348HD,0.03796056329671421,0.18385505447921774,0.36165677906687466,0.37792829666241773,0.038599306494775686
N5351HD,0.2866581798519309,0.6299747624189397,0.06117040785513348,0.02192809800916894,0.00026855186482690595
N5354HD,0.0006586268454173814,0.005006114866820839,0.11646986416307,0.874662381202322,0.0032030129223698917
N5355HD,0.48187459407011646,0.5021542836336044,0.014987839690891402,0.000909069554958418,7.421305042929965e-05
N5362HD,0.8763747284475425,0.11845456080721692,0.0048680820813838625,0.00025988481220040653,4.274385165627406e-05
N5364HD,0.6766469686538608,0.31140055407252165,0.010450945034919012,0.001382783270434122,0.00011874896826455918
N1264HD,0.06971090430506895,0.8729782871018614,0.050561498804205386,0.006518230716650903,0.00023107907221334617
N4985HD,0.36247232746743313,0.6317269615953902,0.00296334383798589,0.002563339187366907,0.00027402791182401363
N5368HD,0.006965360102102207,0.03737279184205259,0.263505912826057,0.6491988655555262,0.04295706967426199
N5371HD,0.8407418910445644,0.14856421047682122,0.01006901798610059,0.000544419272656168,8.04612198578612e-05
N5372HD,0.7174216216630029,0.2623622214990627,0.019428719708939612,0.0006979530065289067,8.948412246581708e-05
N5373HD,0.3658443470372149,0.6306148152567922,0.0029564665363476066,0.0004925077662665903,9.186340337864781e-05
N5374HD,0.8708223488233054,0.1279877276222399,0.0010777487257977371,7.435447503040492e-05,3.782035362655029e-05
N5377HD,0.8745271423651803,0.12446516187367104,0.000859146516554087,0.00011520911593916091,3.3340128655570006e-05
N5379HD,0.7248037375795373,0.25220144487548823,0.01615482035580527,0.006731525121768106,0.00010847206740104648
N5381HD,0.07706220776981164,0.5358958996485169,0.14340195050861798,0.18787724096030806,0.055762701112745436
N5383HD,0.3301379177264465,0.5420611250731471,0.09840423289616132,0.02857734197658049,0.0008193823276645725
N5385HD,0.777379986981628,0.21610374158509021,0.006107582584876441,0.00033899291295413653,6.969593545129413e-05
N5387HD,0.059086548506143866,0.5515071200989226,0.1943282619938452,0.16355260049884576,0.031525468902242545
N5388HD,0.05310163515358866,0.31863988029537704,0.15478876313817627,0.42715884206307814,0.04631087934977991
N5389HD,0.1433038345982836,0.3585907971551828,0.48367294599212773,0.014106028741564991,0.00032639351284089596
N5391HD,0.7536332335486593,0.23492325186949903,0.007875464450687679,0.0023378816623825815,0.00123016846877142
N5393HD,0.3146092994984195,0.6451829288321955,0.03786370765608338,0.0022825691671048212,6.149484619686375e-05
N5395HD,0.8691427336940093,0.12516053388092913,0.003989981819610774,0.0011196329229328347,0.0005871176825180049
N5397HD,0.8974268545787909,0.0967770300502657,0.004224980836519353,0.001205667921099302,0.00036546661332456074
N5398HD,0.8983763835675568,0.09661324359073414,0.003903416053394231,0.0008263287845371684,0.0002806280037777833
N5386HD,0.3394438498800723,0.34221408884831633,0.31741256640302706,0.0008378683750914853,9.162649349291298e-05
N2483HD,0.7943847306509716,0.18778316121061694,0.015152490404415788,0.002625271786793187,5.434594720251525e-05
N5402HD,0.8360822595551809,0.15871961391682116,0.004644920318028063,0.0005019405007258086,5.1265709243970606e-05
N5404HD,0.8477573986495447,0.1423703810140746,0.006154636764594754,0.0025314384047423156,0.001186145167043608
N5405HD,0.9322593176124487,0.06595987966000952,0.001554505685462886,0.0002021578324849835,2.413920959399102e-05
N5407HD,0.6418674617809035,0.29030281752129283,0.05390995371274813,0.012952281101622318,0.0009674858834330911
N5414HD,0.5066962509650873,0.4891305014906834,0.0039742290087996564,0.00016169005768097412,3.732847774869829e-05
N5415HD,0.762118229396102,0.2331837045647056,0.0036754841019608527,0.0009366699811181361,8.591195611342923e-05
N5416HD,0.35657107633634144,0.6354258672614299,0.007808039006340086,0.0001593188039891907,3.569859189929651e-05
N5421HD,0.8805805629737475,0.11543373529138376,0.0026761143070160925,0.000844401699798312,0.00046518572805421984
N5430HD,0.8666625531565761,0.1325844759536788,0.0005737860671298047,0.00015718419503452414,2.200062758065834e-05
N5431HD,0.4338992083563872,0.18688905855080046,0.37620369083330607,0.0029470027007287513,6.103955877742679e-05
N5432HD,0.7818475948297603,0.21244676136315926,0.005022652290454188,0.0006266219927225089,5.636952390376602e-05
N5437HD,0.6199153250172096,0.3697741672642373,0.010081499496343288,0.000154489743885994,7.451847832384842e-05
N4225HD,0.24144264863878862,0.5376721098923476,0.1637056909459516,0.05582407680390163,0.0013554737190105495
