ncode,proba_0,proba_1,proba_2,proba_3,proba_4
N4541HD,0.7275510757525627,0.20850477655577954,0.05878870812341654,0.005016461710059838,0.00013897785818144223
N4397HD,0.017826578057576967,0.13138724433147023,0.35403063749324365,0.4761974142643015,0.020558125853407626
N4544HD,0.9034441725736275,0.09464915614301969,0.0014957965009405366,0.00036730457240549734,4.3570210006585375e-05
N4545HD,0.20091432530650635,0.5461386177962642,0.13506137797228204,0.09712479327917652,0.02076088564577088
N4546HD,0.6401402590914911,0.3313779995219778,0.02738898376956564,0.0010162550528025308,7.650256416291484e-05
N4550HD,0.7329015163244248,0.25688604283162536,0.00967230805376067,0.0004809427936524241,5.918999653679948e-05
N4551HD,0.5708304466777933,0.4253095378160509,0.003001493396158941,0.0008037391305681776,5.478297942878561e-05
N4554HD,0.33272012349571645,0.5288435146626724,0.12826754961924988,0.00931650708415299,0.0008523051382082338
N4555HD,0.5423972091528506,0.4039542308167345,0.04302631824697354,0.010352276885181004,0.00026996489826040224
N4556HD,0.41004532063944754,0.41168026875496294,0.12355642000825214,0.052295974950150106,0.002422015647187273
N4563HD,0.3010023871498953,0.49297814114493343,0.18160538629199308,0.023802606585447576,0.0006114788277305016
N4567HD,0.8905482804601628,0.10561585695634504,0.0029402578071701115,0.0006793020533714517,0.00021630272295057742
N4561HD,0.798218542318385,0.19653263112064245,0.00424866784909194,0.0008841289691574467,0.00011602974272323775
N4571HD,0.31948465816049215,0.5723304271405106,0.1004281383988463,0.00725952691048819,0.0004972493896626328
N4574HD,0.9607555150262655,0.0375906543233462,0.001445499676253036,0.00017705351815103362,3.1277455984248656e-05
N4575HD,0.6486240465607321,0.33557549929145375,0.01438847078760162,0.0012302723234184313,0.00018171103679414985
N4579HD,0.261029606086222,0.6016450011698647,0.11292568992998679,0.022707283642926963,0.0016924191709995838
N4581HD,0.6339069847461842,0.3071227527066226,0.053977637954208,0.004870959752703852,0.00012166484028136653
N4584HD,0.6255671546268612,0.36309494269325004,0.010790090789405704,0.0004943495001381172,5.346239034487592e-05
N4578HD,0.8400678824798271,0.1491826908242309,0.010324824407557043,0.0003705517664122811,5.405052197255983e-05
N4590HD,0.5293887733839258,0.4559260172802732,0.014159294425199916,0.00043125261019374956,9.466230040729298e-05
N4593HD,0.10369110042782345,0.4073259326204951,0.24165374669566053,0.23958945487708222,0.0077397653789386955
N4151HD,0.15014366068680263,0.44447872506731906,0.24096618640186032,0.16029238983744748,0.004119038006570461
N4594HD,0.8331487157013008,0.16489390636037518,0.0016879069555880324,0.00022091745749881192,4.855352523700231e-05
N4600HD,0.7482848172355028,0.23351641573781307,0.017491014406229632,0.000659388421631913,4.836419882258487e-05
N4605HD,0.09047654545421084,0.2815757089836207,0.4098851760760277,0.21741133750136643,0.0006512319847743388
N4612HD,0.7679578872633542,0.21144111203404278,0.01700322823365972,0.0034875985766835123,0.00011017389225979406
N1701HC,0.187569180720978,0.683662434988382,0.10091133206339513,0.02169314546277737,0.006163906764467599
N3705HD,0.0012542305697826749,0.01030406083510477,0.07575369293747737,0.7007026275502535,0.2119853881073817
N4589HD,0.6224796308562623,0.372728716582687,0.0037383142361890644,0.0008922575961215826,0.0001610807287399036
N4339HD,0.9456331348371485,0.05295851016164564,0.0012481494430613006,0.000139281412078658,2.092414606582891e-05
N4615HD,0.006456946935055606,0.19744564305172402,0.23534875326297228,0.389544575348972,0.17120408140127602
N4618HD,0.8516408792026532,0.14011808268084253,0.00663407861467889,0.001549904667035622,5.70548347897408e-05
N4624HD,0.5302777296149299,0.4658749398960662,0.003558757768533321,0.0002527045044019605,3.5868216068539284e-05
N4626HD,0.8726407435225149,0.12572338717276907,0.0012648937809510076,0.0003319689826692809,3.900654109571335e-05
N4628HD,0.4012050285290275,0.44452491005370387,0.13678240764529287,0.016720525897049143,0.0007671278749266022
N4638HD,0.005423392649073459,0.13883709302293518,0.173399304373636,0.5655502084584813,0.11679000149587418
N4639HD,0.7393508146371017,0.25070782969352157,0.007924642358343493,0.0018425683416864748,0.0001741449693466827
N4642HD,0.8820290236399458,0.11148932391188111,0.0041340226819903585,0.002228823647523943,0.00011880611865881178
N4646HD,0.9414241805732289,0.05653159725439675,0.0018504676906390002,0.0001627496206271071,3.100486110838898e-05
N4631HD,0.8531695038574313,0.14260395518759422,0.0037189151100366783,0.00043841650274458225,6.920934219325211e-05
N4656HD,0.16530839132863784,0.21066035988016035,0.36290197634230675,0.22662102669073128,0.034508245758163816
N4658HD,0.7799215284904262,0.2036648444926453,0.014215674822944797,0.0020376855736476116,0.00016026662033615083
N4661HD,0.7547775749780822,0.22631893407406056,0.01661794700417773,0.002181211703118597,0.00010433224056097781
N4665HD,0.8475154980604451,0.15040009403063195,0.0015464836516755182,0.0004658502581774658,7.207399907014574e-05
N4667HD,0.8982107978456563,0.09859693472348494,0.002973324520042648,0.0001891254986128132,2.9817412203306155e-05
N4669HD,0.5665531156785336,0.4146459078356365,0.015627013588381124,0.002836758317412302,0.0003372045800363236
N4673HD,0.29724001303361686,0.5878253444211331,0.09946372723657879,0.010622084250374014,0.004848831058297308
N0760HD,0.31971349780348673,0.643902253979908,0.029335525098646963,0.006680447189226749,0.0003682759287315876
N4672HD,0.7710461675648422,0.21057682098908415,0.017181805955095778,0.0009959508146815488,0.00019925467629632222
N2593HD,0.8382193972106879,0.15379704898411706,0.007494222796416992,0.0004186649590290203,7.066604974898094e-05
N4677HD,0.5023987003938687,0.4123913131963814,0.07748318710262292,0.0074972524898871875,0.00022954681723978354
N4680HD,0.4152501575383445,0.54606957467542,0.025810916260752957,0.010520591876678665,0.0023487596488036763
N4688HD,0.08029224272287808,0.4070357321715504,0.21565116803029222,0.25174541444954546,0.04527544262573377
N4689HD,0.7843873563027808,0.19879897234083774,0.015911150782759384,0.0008383100952661628,6.42104783559595e-05
N4691HD,0.026870477523685904,0.2085956952587249,0.36490107053189835,0.3738785904022745,0.02575416628341632
N4692HD,0.7543354965317954,0.20401633704862637,0.03737203866949389,0.003373001068618935,0.0009031266814653038
N4694HD,0.17265710559355202,0.562091425586949,0.24587338860379998,0.01779598882713808,0.0015820913885609242
N4695HD,0.22375585862969535,0.6021837854013774,0.16508002993366516,0.008795476050111873,0.0001848499851502749
N4699HD,0.5876485287945405,0.4075415656330321,0.003692615472237715,0.0008937709991210047,0.00022351910106847413
N4703HD,0.2818031834145579,0.5679732335459406,0.1185294500415514,0.02317080634829493,0.008523326649655178
N4704HD,0.0016307997328249449,0.010106386837806744,0.22942211466045676,0.7568714520975461,0.001969246671365308
N4708HD,0.9263913520983669,0.0717802999497025,0.0015340713241407634,0.00024707763849895803,4.719898929074459e-05
N4714HD,0.7767502931713942,0.18628088944969068,0.032257694487145175,0.0038061188604892595,0.0009050040312807758
N4721HD,0.2519238485568466,0.6419603381098667,0.09542782132672714,0.010208625421230447,0.00047936658532900575
N4722HD,0.8301852504111252,0.16371307512241334,0.005648273501809145,0.00038688509020097457,6.65158744512661e-05
N4724HD,0.4053179411179656,0.5675485109617717,0.02607574345926881,0.0009800558324964425,7.774862849724789e-05
N4726HD,0.0968015055624239,0.8503261606044165,0.051805820355009746,0.001014381756009083,5.213172214075057e-05
N4735HD,0.6034282082376786,0.3894681409286317,0.006534447088442594,0.00039400157557900665,0.0001752021696679855
N4063HD,0.3819700160605332,0.4361285077187677,0.13378449433848594,0.040194111916329746,0.007922869965883395
N4712HD,0.6662697666787365,0.31721448933839824,0.012104602692536482,0.0042958091086666384,0.00011533218166218605
N4738HD,0.3561106995520135,0.4480434061260786,0.14376915783567507,0.04956948825246917,0.002507248233763676
N4740HD,0.06680051388128043,0.328251549589453,0.3843351124831285,0.20467345165435766,0.01593937239178022
N4742HD,0.03089601653799281,0.09859813347394542,0.3887113477421229,0.4299787208089068,0.05181578143703207
N4745HD,0.8276858735201662,0.16830794234911992,0.002792750192421109,0.0010755615373888954,0.00013787240090380883
N4747HD,0.9117409953849848,0.07473865944773274,0.012214811791104146,0.0011589277421435386,0.00014660563403485645
N4750HD,0.814257911701921,0.1770614474431647,0.0067360053649074825,0.0014173920311434582,0.0005272434588632536
N4752HD,0.002192913216520706,0.05425857510991825,0.28018486709321533,0.6509523765927369,0.0124112679876088
N4754HD,0.7654583672679001,0.23073772313625857,0.003341365624384254,0.00039730724508684634,6.523672637014246e-05
N4755HD,0.4945820723807889,0.4699338301132306,0.032062782520194184,0.0027813966265530874,0.0006399183592332442
N4756HD,0.547756305456888,0.44495659773185336,0.005787301318814297,0.000984303896321436,0.0005154915961228812
N4757HD,0.8892045153445711,0.1080648565664665,0.0024452207320218044,0.00023379867262474782,5.160868431586331e-05
N4759HD,0.3074866420779297,0.6007247846634698,0.08849394541144212,0.0030952867404361742,0.00019934110672232723
N4762HD,0.7148803295934593,0.2640348893772762,0.01765739112383627,0.0029574623713951045,0.00046992753403324696
N4763HD,0.7942885948616824,0.16744686751391671,0.03308396260011196,0.004199687288257298,0.0009808877360316039
N4767HD,0.8284281162817072,0.1670175949625463,0.003454417166643335,0.0009826475435254715,0.00011722404557772877
N4769HD,0.16238271223977055,0.460605020876485,0.2946110741022352,0.07957469102195566,0.002826501759553573
N4770HD,0.835739130857427,0.16141544369440952,0.0024440837088154253,0.0002983308041272097,0.0001030109352209143
N4676HD,0.4787420780847717,0.3379597684538596,0.15216574148340528,0.030025711327935183,0.0011067006500282994
N4614HD,0.6445411233761832,0.3390913522524127,0.013243165491133932,0.002932380705461013,0.0001919781748092166
N4774HD,0.4013208595435741,0.5378072529420361,0.05718296076490877,0.003191563352725294,0.0004973633967556597
N4778HD,0.1245398586238203,0.6270455741735981,0.13916650365120306,0.06594119834743309,0.043306865203945534
N4780HD,0.006056993099761701,0.045120905293803706,0.33322248179779385,0.5657961157336251,0.04980350407501562
N4783HD,0.6270084476660244,0.3646782756786045,0.007798974715914028,0.0003850438117431712,0.00012925812771403573
N4789HD,0.9307629642719775,0.05829811989185465,0.009890950187259644,0.0009504967860447296,9.746886286344864e-05
N4792HD,0.5330767440601698,0.46334530218521985,0.0031981425543300183,0.0003144956883736077,6.531551190686565e-05
N4793HD,0.16274372980443552,0.7513991368725443,0.0807939599007151,0.004415507109202948,0.0006476663131021653
N4794HD,0.011277738554692407,0.09659445433636948,0.2155484158160091,0.6540663824790208,0.02251300881390824
N4799HD,0.777588571202087,0.21834755757119223,0.003386646737476272,0.0006150600368661858,6.216445237831411e-05
N4800HD,0.9380928061782525,0.05882145757029036,0.0028309594236397757,0.0002279469995233506,2.6829828293986462e-05
N4808HD,0.25127275611701294,0.7422668639181972,0.006089023176632867,0.0003106304194971677,6.072636865990323e-05
N4809HD,0.806002380229123,0.16759284777354555,0.023802870047983975,0.0021842104858852108,0.0004176914634621856
N4634HD,0.5317769157670792,0.41871950362635085,0.04485602456094386,0.004244143128722915,0.000403412916903184
N4784HD,0.934088968658147,0.06337639776444644,0.0023212141415291368,0.00019122160376567314,2.2197832111728623e-05
N4815HD,0.7299391043970166,0.2602725704027707,0.00854700418110663,0.0011325446634716323,0.00010877635563446287
N4816HD,0.7956863783431133,0.20082060272359503,0.0028157739598636106,0.0005894916909203367,8.775328250770435e-05
N4817HD,0.40349234772786546,0.4862739580589771,0.10697697253965484,0.003096679452417434,0.0001600422210852237
N4818HD,0.8720421558791479,0.12455786467380059,0.002647070167020491,0.0006733729700350302,7.95363099958905e-05
N4821HD,0.060587086439875246,0.9349604229610138,0.004021418249204959,0.0003852297688452152,4.584258106073238e-05
N4830HD,0.8619140820133053,0.13435023400007373,0.0031302185414515916,0.0005655232295950454,3.994221557438914e-05
N4748HD,0.7994274148472543,0.1935681671131313,0.0049327527834344635,0.0019603950448094155,0.00011127021137052041
N4684HD,0.5897016243572243,0.4038620170901293,0.005851536033936611,0.0005034674208357983,8.135509787390306e-05
N0389HD,0.06525116146135844,0.9148184422215678,0.01945920173772978,0.00043216544627404157,3.9029133069797594e-05
N4796HD,0.7274084064887584,0.2532434448668432,0.017390201825427803,0.0018132949522514212,0.0001446518667192696
N4834HD,0.003475372052274165,0.03160982892158325,0.3115254794342211,0.6478244427068212,0.005564876885100328
N4835HD,0.21141496714364044,0.7836955555782501,0.004147531528495337,0.00069746441011613,4.448133949799264e-05
N4837HD,0.6414293897147422,0.35363500317581387,0.00459199441094432,0.00029044579519258817,5.3166903307024624e-05
N4838HD,0.09422805752341823,0.8923522345343345,0.012978384921271874,0.00037882516928986664,6.249785168557407e-05
N4839HD,0.09414501588398003,0.39921291276576026,0.495434257308334,0.009676286318478146,0.0015315277234474933
N4842HD,0.8611376427295603,0.1336837773453963,0.004322162509916768,0.0007768002101663596,7.961720496018827e-05
N4844HD,0.896213634406515,0.10139232440070656,0.0021129344901069332,0.000218690894565433,6.241580810593383e-05
N4846HD,0.16029552791714355,0.6211841121073167,0.18519551820589641,0.030356981400493484,0.0029678603691498102
N4847HD,0.7383984318956253,0.24685156231612737,0.01414285168733603,0.0005259165510387731,8.123754987267813e-05
N4849HD,0.3706526806513014,0.5692855061348359,0.053197704395691936,0.005804421222233351,0.0010596875959373656
N4852HD,0.21146859185235906,0.3850644614573487,0.3961411766842672,0.007074232615943601,0.00025153739008146716
N4853HD,0.7003705265299113,0.29172798988054616,0.00706943098822146,0.0007811005489830869,5.095205233798275e-05
N4856HD,0.8217094672693828,0.16997100674816693,0.007687493897166889,0.0005894827473711578,4.254933791238758e-05
N4858HD,0.7909815408079267,0.18094256088771427,0.0264151303778896,0.0015653926320512213,9.537529441811165e-05
N4860HD,0.3145743572024568,0.5098782844937425,0.13992653879222056,0.03428491636982568,0.0013359031417543785
N4861HD,0.8596324509848061,0.13608579658246672,0.00402384311843577,0.0002119454834398035,4.5963830851586214e-05
N4863HD,0.5376430509219495,0.4584343901349401,0.003436921861158522,0.00039847281878316115,8.7164263168617e-05
N4864HD,0.6934941190973127,0.2860795117938661,0.019345983511227148,0.000985000583032715,9.53850145612566e-05
N4866HD,0.7403813484036481,0.2435839897366286,0.014776829427292268,0.0011771694528882766,8.066297954271385e-05
N4012HD,0.7214522822836545,0.27102269554478037,0.007097998192961243,0.00035459329585332475,7.24306827505619e-05
N4825HD,0.22720317582896027,0.6075032596004676,0.12741661335922655,0.034039976225899125,0.0038369749854465112
N4875HD,0.05341480252489087,0.45554818790546464,0.29063120146621,0.17243464060052377,0.02797116750291072
N4878HD,0.021843038224329266,0.2394083408627885,0.4480105103866109,0.2351024917635977,0.055635618762673644
N4883HD,0.09079871853579813,0.3901071762374157,0.5022059389319173,0.016558882109807948,0.0003292841850608284
N4884HD,0.4349908076706367,0.5267123787549879,0.03279293479410174,0.005337470642236804,0.00016640813803685324
N4887HD,0.5868171889148013,0.40264898114947256,0.009420374628620665,0.000995959594637411,0.00011749571246803914
N4891HD,0.7243702413946511,0.26348149373633234,0.010089833841747173,0.001982608245411403,7.582278185790068e-05
N4892HD,0.34588102275985644,0.6180706266093561,0.035154246782764756,0.0008204295460389161,7.367430198375709e-05
N4895HD,0.9110270072631279,0.08803446628187205,0.0007599477270345817,0.00015450917334093773,2.4069554624570597e-05
N4899HD,0.51806062446421,0.47304583606245065,0.008139792448567646,0.0006738242917435553,7.992273302808308e-05
N4898HD,0.5734905207148546,0.404069273102973,0.020582818639470604,0.0017403973443452215,0.00011699019835666415
N4902HD,0.6057613290057293,0.38288226140712467,0.00774720130125185,0.0030206486757918837,0.0005885596101022203
N4904HD,0.3425509032643759,0.522676562282624,0.09888224488955881,0.03436146249872041,0.0015288270647209152
N4906HD,0.6184587731160951,0.3738112836748389,0.006670532354220477,0.0009094618714856207,0.00014994898336004303
N4909HD,0.8368981815650663,0.1523985573437537,0.009783577786679319,0.00073156346924159,0.00018811983525899345
N4912HD,0.6981920053880943,0.2884204473317509,0.012348417686855259,0.0008539091050622092,0.00018522048823726463
N4913HD,0.4802537297946528,0.5005806131385294,0.01639125764781791,0.002646694629526966,0.00012770478947288688
N4914HD,0.3589741117638257,0.5511357577768431,0.08824044500082798,0.0015582610978987148,9.142436060457997e-05
N4908HD,0.7701829124968598,0.22675650856789525,0.0027556496025885465,0.00025586413858807305,4.9065194068170705e-05
N4937HD,0.7376988713414312,0.2559656691224935,0.005664020591823714,0.0005711671283927424,0.00010027181585888834
N4938HD,0.8771734844625607,0.12105202669626043,0.0015061094785994336,0.00022010739147568397,4.827197110377405e-05
N4949HD,0.7578547790660616,0.2240137727711314,0.01478344647612631,0.0032538560901483873,9.41455965323422e-05
N4952HD,0.8850744912901,0.10994941440875554,0.004210040917158925,0.0006864884537711274,7.956493021438202e-05
N4954HD,0.49524053703627685,0.42270878282347846,0.07958851006894059,0.002361323761269179,0.00010084631003489963
N7917HB,0.8701758946202961,0.1255776489284249,0.0035864605605426814,0.0005850585669936276,7.493732374269898e-05
N4951HD,0.676635683113554,0.31604722373027583,0.0066896670279459084,0.0005097728454879754,0.00011765328273612662
N0385HC,0.16721935261382498,0.7563593597887488,0.0641175375618356,0.010905472760284477,0.0013982772753060523
N3920HD,0.6566680109883304,0.318359946790188,0.02137364592200579,0.003377952418905992,0.00022044388056994356
N9498GW,0.7056357090605404,0.23531835537672627,0.05399231104780783,0.004920269360294759,0.00013335515463062223
N4961HD,0.9001821671263626,0.09829218929489028,0.001290786239511988,0.00019296289888309144,4.189444035210235e-05
N4965HD,0.6964371442957586,0.2871249738390097,0.01453142248390179,0.0014703798060691294,0.0004360795752607065
N4967HD,0.8009557454951466,0.19189164628077693,0.004746780847575579,0.001850679460623912,0.0005551479158769871
N4968HD,0.3926859528915917,0.5089886834723063,0.04804796224845111,0.04687357550934257,0.003403825878308315
N4973HD,0.7676341143038348,0.21134162799349668,0.01200161527282798,0.008885528372272878,0.0001371140575675611
N4976HD,0.04942846776296454,0.30575242904190814,0.6243945226767129,0.020138240363459372,0.000286340154955117
N4977HD,0.7953844089699537,0.20225955367159187,0.0020927008678564203,0.00020419522631730537,5.914126428083572e-05
N4978HD,0.6731068317367986,0.32046461072853455,0.004475098153809892,0.0015308609280030748,0.0004225984528538249
N4982HD,0.33211661126909986,0.6231480056669104,0.039599967999219436,0.004381336483118054,0.0007540785816522917
N4983HD,0.24822633159649127,0.6030571730763524,0.0985227908418207,0.04575193920492711,0.0044417652804084875
N4984HD,0.8266105964824207,0.16835774980537055,0.004640769687058986,0.00032669383560232954,6.419018954749353e-05
N4992HD,0.011052808123919847,0.19032965653098982,0.16773570578211,0.6166415829518743,0.01424024661110608
N5000HD,0.47121995690684687,0.47274929558579853,0.0453348367654819,0.010318720643890408,0.00037719009798225166
N5006HD,0.5274705828781099,0.4572135259366107,0.010664607038756808,0.004486796915939497,0.000164487230583056
N5007HD,0.7387218737605145,0.24842513300303634,0.009785544544886636,0.0021792961383550096,0.0008881525532074203
N5008HD,0.666760111765597,0.31969030589848524,0.012482371713339432,0.0009187769259506925,0.00014843369662754597
N5011HD,0.5061391523133766,0.4889618245382243,0.0038792098551384954,0.0009102203635913041,0.00010959292966942138
N5020HD,0.810955068556107,0.18510470608891438,0.0033000581722075774,0.000508549419749372,0.00013161776302171428
N5024HD,0.8284276702045196,0.16930978530728358,0.001934695899566009,0.0002711178429756371,5.673074565519825e-05
N4826HD,0.8399807474744039,0.15513381927355518,0.00392782201770341,0.0009056322876803774,5.197894665712819e-05
N5032HD,0.8690965249570837,0.12410370427227421,0.0046741617573121865,0.0020293839739136898,9.62250394161421e-05
N5041HD,0.8784722506247078,0.11817497286921734,0.0029515521173690247,0.00034405542926629185,5.716895943950981e-05
N5043HD,0.9362841396822486,0.06056954148545081,0.0027887509062275613,0.00031367824535117087,4.388968072193169e-05
N5044HD,0.44329931693968855,0.4786116686860195,0.05734849470097999,0.01824493201157518,0.002495587661736881
N5045HD,0.8636946114164653,0.13497883334397626,0.0011354722992799166,0.00015958205807123615,3.1500882207356755e-05
N5004HD,0.8735722572132627,0.11558555776504283,0.008471173978453105,0.0022125285740149363,0.00015848246922662513
N5055HD,0.7474343957151532,0.2256653601590674,0.0192826594229106,0.0073256481197564866,0.000291936583112139
N5056HD,0.13037587336970205,0.6197667401608999,0.16776739137732277,0.05395118529772611,0.028138809794349136
N5057HD,0.6395225120980318,0.3382790464279544,0.02022271264620518,0.0018835409873421923,9.218784046638262e-05
N5059HD,0.8241134097173276,0.16277338754664114,0.011212140449770727,0.0016934806600169734,0.00020758162624343865
N5061HD,0.6750782267882192,0.2951903194500966,0.02787365170546175,0.0017293168711339957,0.00012848518508857694
N5018HD,0.8685163528627855,0.12382853200882402,0.006985831625578115,0.0005967883483782933,7.249515443410258e-05
N4896HD,0.6486385132091559,0.33325650480388946,0.014979610394155055,0.0028550622795842006,0.000270309313215546
N5064HD,0.872946516011915,0.11749665514915106,0.005883385970123313,0.003620200653493875,5.324221531683179e-05
N5065HD,0.39011979905597116,0.4785578642572007,0.12797195096956335,0.0032441881820884574,0.00010619753517622914
N5067HD,0.22899751891644815,0.6998392264259146,0.04222227248618239,0.02826003668739589,0.0006809454840590778
N5070HD,0.09453451814080391,0.5283459642677297,0.3591957953561792,0.017550942238976474,0.0003727799963107156
N5071HD,0.6777415009057315,0.30637167555880296,0.015418916070816571,0.00039429343791047144,7.361402673847801e-05
N5072HD,0.6669940728519558,0.3196729368323663,0.01284229045910199,0.000388544108231215,0.00010215574834462821
N5074HD,0.7549134426153465,0.22342829285583293,0.01884384533056148,0.0023147285176338466,0.0004996906806251742
N5075HD,0.9549914330585028,0.043590445110280394,0.001229136485423259,0.00015717188728182427,3.1813458511833416e-05
N4923HD,0.8769023572059421,0.1143567919639342,0.007615897154801983,0.0010282130434612906,9.67406318603745e-05
N5076HD,0.810661723324365,0.1870143563353462,0.0019541495968295724,0.0002753584671263869,9.44122763329431e-05
N5079HD,0.29341997388672536,0.46891630967185466,0.1792224104983479,0.05470735120716656,0.0037339547359055425
N5080HD,0.5357793392498775,0.40276444445943954,0.041955876440121116,0.01900831268419946,0.000492027166362443
N5082HD,0.9128944208087132,0.08304012192757496,0.0031494343356338523,0.0008386037528749007,7.741917520310976e-05
N5083HD,0.6873700868200727,0.3009027851930709,0.007954903410755809,0.00354762891731345,0.0002245956587872278
N5085HD,0.3874581876361779,0.5535775876192683,0.0545307985890648,0.0039214052744644635,0.000512020881024477
N5051HD,0.538493502309869,0.4255573139904992,0.034579337942384256,0.0012904301460457412,7.941561120179215e-05
N5039HD,0.031873432372806244,0.2985455640883879,0.3834559634237557,0.25935476718416683,0.02677027293088336
N5088HD,0.8726670295069567,0.12401861420086069,0.0030203011744028953,0.0002519472113326442,4.2107906446983894e-05
N5091HD,0.23521822228055353,0.7618605748915743,0.0025912132313095776,0.0002779136151948697,5.207598136779087e-05
N5093HD,0.003907389129799003,0.043740075185613354,0.2027469935710257,0.6845958171819361,0.06500972493162588
N5100HD,0.0019955084726896435,0.04485459550469435,0.13852823623031918,0.8025932604677972,0.012028399324499594
N5103HD,0.04631859544397411,0.553688431446502,0.2756682536177305,0.10374916788547739,0.020575551606316068
N5104HD,0.9554206275971204,0.04228311139959915,0.0019245613130866052,0.0003372754178857025,3.4424272308127864e-05
N5105HD,0.6521596959819155,0.31228946344952624,0.02986007809097473,0.004273282631521633,0.0014174798460618511
N5106HD,0.7163818495553832,0.27790299884736025,0.004197287101536878,0.0013536208108882004,0.00016424368483152808
N5109HD,0.7202451558664245,0.27181655236415464,0.007502806606972809,0.0003452631407118207,9.022202173627056e-05
N5112HD,0.5810110953672634,0.3930281595955701,0.023438148576723116,0.0023166902891470055,0.00020590617129646825
N5115HD,0.8757005201861554,0.12030872171800659,0.0037191126907574422,0.00022971611957466753,4.192928550588768e-05
N5120HD,0.012560950938309987,0.13885205002640524,0.18968891156975745,0.5830593048465842,0.07583878261894307
N5121HD,0.6675147398032311,0.2993927613484393,0.024496371410300827,0.007880291741030703,0.0007158356969981733
N5122HD,0.7019985237137945,0.24932502875900558,0.0339133709944998,0.013766055226389726,0.0009970213063103584
N8305HB,0.698074783821886,0.29618290126846497,0.004679922534720537,0.0009657125094469137,9.667986548164265e-05
N5126HD,0.09024526343758618,0.4949986387860572,0.20844085307645002,0.18047933157928714,0.025835913120619357
N5128HD,0.8184047070927866,0.16812550384749894,0.012396672541259581,0.0009630096531511653,0.00011010686530370504
N5133HD,0.004048759643033089,0.07672020816407846,0.19092726021277523,0.7102887403390877,0.018015031641025518
N5135HD,0.8198736236137432,0.1726237507772454,0.005744633361849294,0.0016798897439324757,7.810250322978901e-05
N5143HD,0.867414935049591,0.13063005243043865,0.0017149188111238924,0.00019662772715912675,4.346598168724768e-05
N5144HD,0.26189103793621527,0.48264815860225585,0.21523879105228177,0.03939483224935555,0.0008271801598913817
N5149HD,0.3355182444214316,0.5352791720572818,0.08152575930491064,0.043918698909131276,0.003758125307244717
N5152HD,0.6453962686214283,0.3232594615197767,0.02953738577688938,0.0016428215286367585,0.00016406255326886933
N4394HD,0.30611801550345946,0.4820831531627395,0.16624650339312927,0.042974246790439374,0.002578081150232427
N5029HD,0.22425004180420718,0.5925625606855147,0.165665377368112,0.015807662600355096,0.0017143575418110697
N4368HD,0.9303175420645203,0.0680012911615004,0.0014597712707910394,0.00018405111603039532,3.7344387157956803e-05
N5013HD,0.34218883025995617,0.6241076364407181,0.02450528331646191,0.008368560212285936,0.0008296897705778496
N5153HD,0.786242851920292,0.19820285574494445,0.012791675770958286,0.0022352338269730735,0.000527382736832196
N5157HD,0.9251390578109563,0.07186839488279798,0.0028070498940917787,0.0001598930654161378,2.5604346737770627e-05
N5170HD,0.5342888649680095,0.3129973190189487,0.12502661536733967,0.02643137442958234,0.0012558262161197966
N5172HD,0.8994595148294424,0.09750266570933866,0.002512920100426611,0.0004375485739383991,8.73507868539562e-05
N5173HD,0.7731870514357986,0.2096840391993347,0.015348943355146912,0.0016013800962901658,0.00017858591342969534
N5147HD,0.4549576544950968,0.5113812365016671,0.02648291009024928,0.006568666048933405,0.0006095328640533814
N5178HD,0.7662457950969861,0.22834168033477725,0.004297325848326184,0.0010225449926341604,9.265372727623226e-05
N5180HD,0.6256355002311479,0.3665145608111379,0.005930525079712667,0.0013296017604823769,0.0005898121175190987
N5181HD,0.5908459698144137,0.3055844197020216,0.09939145303519226,0.0038371079345899404,0.0003410495137823233
N5182HD,0.9317236716139308,0.06630223649135727,0.001828220672257996,0.000124121809589712,2.174941286435037e-05
N5183HD,0.11822111394614795,0.8781544324256508,0.0033915971064133374,0.00019094666123479947,4.190986055317349e-05
N5185HD,0.3901552287265053,0.41905361465275615,0.12427860558959576,0.06089698277583707,0.005615568255305785
N5187HD,0.18305683740480666,0.7102416120939063,0.08638641554976409,0.01856530243976174,0.001749832511761075
N5188HD,0.43453232513479384,0.43746265994575484,0.054632082086534896,0.06937032927639333,0.004002603556523113
N5190HD,0.0121951503844332,0.2049415416398138,0.20079668063229983,0.5579539979661109,0.024112629377342272
N5192HD,0.5613625387680625,0.4344354141601444,0.003932151848289236,0.00022566200756126133,4.4233215942476995e-05
N5193HD,0.6679734351785016,0.2953611891661029,0.027116407315838403,0.00920360800859662,0.0003453603309605533
N5197HD,0.8887709919993012,0.10938007507000677,0.0016196800570483997,0.00019810750909158827,3.114536455192578e-05
N5198HD,0.10648823283069053,0.5441592343999575,0.20031552566343538,0.1459538241834678,0.0030831829224487383
N5199HD,0.7697810685935138,0.2193043937759946,0.008745881755752957,0.0018686697891503248,0.0002999860855881534
N5200HD,0.6882492581591992,0.27023365211353634,0.039999667306075314,0.0013491267736120663,0.00016829564757700837
N5203HD,0.06926275071042982,0.4694025836180048,0.18928959739179102,0.26313679173962595,0.008908276540148505
N5209HD,0.12952876967921784,0.3917788582876603,0.1997049940638192,0.27062001338696107,0.00836736458234162
N5212HD,0.8770689425449284,0.12129556717635545,0.0014079256753133855,0.0001861045450791396,4.146005832381423e-05
N5215HD,0.5754115607797204,0.3935702968250292,0.026699579509262356,0.0041104257218254735,0.00020813716416251808
N3574HD,0.8319899430218614,0.15772456990465253,0.00847176013281134,0.001564075998989892,0.0002496509416848829
N4760HD,0.04477819773966595,0.5475086127801315,0.30257583758407236,0.0988290771395441,0.006308274756586027
N5225HD,0.6269602525651837,0.34613368935982314,0.021551775931309077,0.005198991195390177,0.00015529094829381092
N5226HD,0.6346641434461265,0.3486722096843483,0.013628939334487939,0.002918981461713597,0.00011572607332364961
N5227HD,0.855294448272795,0.13906851868357695,0.005161214697209019,0.0003936774964301928,8.214084998881815e-05
N5233HD,0.012909628131260217,0.13905717591937913,0.33861289876749884,0.4787334373187626,0.03068685986309923
N5238HD,0.8992508734822404,0.08995324117502543,0.009480268562211566,0.0012107026645639487,0.00010491411595858241
N5241HD,0.8446475869731227,0.15160371927456925,0.002900183076727702,0.0007467390158511969,0.00010177165972915351
N5243HD,0.005203556163754719,0.0862032421438843,0.45791221842805896,0.4423035093355761,0.008377473928725848
N5246HD,0.7845341486401713,0.19998471043735727,0.013167250817007786,0.0019811044992661514,0.0003327856061973875
N5247HD,0.0015068198671728075,0.013353539919072632,0.25908239721154036,0.7238519583535207,0.002205284648693402
N5248HD,0.644162254008285,0.3413497850356189,0.010332582346871913,0.0039434918850702275,0.00021188672415397712
N5253HD,0.7135795612628006,0.25026422515579105,0.03206118116500152,0.0033331303966841067,0.0007619020197227987
N5257HD,0.07052949077805266,0.34930017731351737,0.2687066612710847,0.2956137804960558,0.015849890141289447
N5259HD,0.020710155776398044,0.11886917115135875,0.16335347491671373,0.42832874286548356,0.2687384552900459
N5262HD,0.04686499498752944,0.5579580760510547,0.3930351155363273,0.001993655244936123,0.00014815818015248143
N5266HD,0.4904339017366787,0.40026381421803076,0.1049583896279356,0.0039569652079629305,0.00038692920939202135
N5270HD,0.5515137017821145,0.44430379090354855,0.0030226987020567754,0.001024713944904821,0.00013509466737545329
N5271HD,0.753021374644842,0.22399594213984023,0.01798089353801336,0.004864111402500721,0.00013767827480379454
N5273HD,0.7958095686366393,0.18624515422364185,0.012379996440388032,0.005357006479906205,0.0002082742194244677
N5274HD,0.8856424468500773,0.11240525450932297,0.0011310518124984508,0.0007649047228282676,5.634210527301665e-05
N5211HD,0.3909834575001776,0.4583113939300256,0.05083700384988197,0.0974963786859522,0.0023717660339625567
N4843HD,0.5185683003800821,0.4088745899119382,0.04922653446197802,0.019668786844311205,0.0036617884016905715
N5287HD,0.6817400030935007,0.3117077561550804,0.0049895869348046285,0.0015000484617637563,6.260535485055098e-05
N5286HD,0.06139142394947174,0.3458458443436129,0.3703236153085726,0.20540712727209556,0.017031989126247326
N5292HD,0.07162479866783779,0.36260789270103266,0.2726156932876652,0.2778595496326117,0.015292065710852575
N5294HD,0.7107116523373919,0.2738937935224609,0.014706977249696353,0.0005932672302905009,9.430966016043482e-05
N5296HD,0.23518712176473863,0.543473736277073,0.15664686682383913,0.06285197065827278,0.001840304476076539
N5298HD,0.8288212355108922,0.16715215487569,0.0029443150536621154,0.0008296950614769584,0.00025259949827881003
N5303HD,0.7396605960113022,0.25168196666779885,0.007787738856494206,0.000799866963820706,6.983150058405168e-05
N5305HD,0.0647354023095428,0.6770744937942453,0.23273050604546824,0.024864974227496846,0.0005946236232468932
N5306HD,0.8516682615595788,0.1465427998208774,0.0013734387162880467,0.0003410029413235894,7.449696193230681e-05
N5307HD,0.12781034888995896,0.7456261340622136,0.07807382440637775,0.04264517600409821,0.005844516637351594
N5311HD,0.1271622797488594,0.7129781664677974,0.14600713755517583,0.013542812640315824,0.00030960358785165915
N5314HD,0.8112787383467863,0.17609727468076247,0.008474731680477406,0.0034370835109521214,0.0007121717810215985
N5073HD,0.12085882310789367,0.535164587707785,0.24630887238641952,0.09569668110953329,0.0019710356883686454
N5277HD,0.08356407122994748,0.28377522157635543,0.32501397286112405,0.27943593752853374,0.02821079680403928
N4885HD,0.9402429583672387,0.05664143340097859,0.002775228783139106,0.00030779549236375386,3.2583956279790214e-05
N5318HD,0.038397282526671496,0.5329362710096934,0.31201164448865254,0.1014442268113153,0.015210575163667259
N5321HD,0.7995834140893164,0.19745411693563164,0.0024614457073732048,0.0004515731107022146,4.9450156976569875e-05
N5323HD,0.9114268333037925,0.08684267174208267,0.0015339277206025026,0.0001506582526537718,4.5908980868533214e-05
N5324HD,0.7027033424976958,0.28955901356473646,0.0063406244070698696,0.00111815146012686,0.00027886807037087773
N5326HD,0.8456893641687555,0.1487635347538595,0.004373897713214439,0.0011067122582428994,6.64911059275802e-05
N5327HD,0.5620830772631795,0.4213765582872452,0.012756456443927436,0.0033642279069907516,0.0004196800986569479
N5329HD,0.23685134228300483,0.7052120912362909,0.04348918635697681,0.013729185080410888,0.0007181950433165002
N5331HD,0.8980272550070298,0.0987060988751574,0.0024729488512158344,0.0006759947950239428,0.00011770247157300752
N5332HD,0.739069874092493,0.24747134158099585,0.010233755717288101,0.0030677192810255475,0.00015730932819733222
N5333HD,0.8205061920158269,0.17308280504231371,0.005892066396188956,0.00044615241165730027,7.27841340131696e-05
N5334HD,0.05175810558148154,0.9451914258509264,0.0028583108222987657,0.00016524424670555038,2.6913498587755373e-05
N5338HD,0.00811009746689564,0.10728713310558982,0.444917299813012,0.33362426254344807,0.10606120707105457
N5339HD,0.24972902858739648,0.5077163520136245,0.1917141444139003,0.043196842802711605,0.007643632182367142
N3820HD,0.06061907361323342,0.34642362188346165,0.45685332255947453,0.1217341993191973,0.014369782624633157
N5342HD,0.8086954578553991,0.1883251836959715,0.0023589098640417437,0.0005045781260991177,0.00011587045848859468
N5345HD,0.6042026160416151,0.3429793523680319,0.03870970802532351,0.012925233573030779,0.0011830899919987251
N5346HD,0.7505560450560154,0.24770709788139716,0.001416016988473897,0.00025707163907476906,6.376843503872727e-05
N5348HD,0.01659283619462206,0.19227385278030948,0.24269300330001067,0.4420499952235376,0.10639031250152012
N5351HD,0.4883597142808084,0.41899353381193843,0.06731715219493416,0.024817165824819565,0.0005124338874994378
N5354HD,0.004673326051275737,0.036969099726834,0.21135712237429663,0.7446125707906855,0.0023878810569080444
N5355HD,0.4721336082600588,0.510836094792136,0.015963933292591444,0.0009514693876452217,0.00011489426756851754
N5362HD,0.7286580660214057,0.26080422645909884,0.010044160411859002,0.0004252838495517219,6.826325808459885e-05
N5364HD,0.7605680035241235,0.23383527878137572,0.004303666614693305,0.0011962339750883158,9.681710471917939e-05
N1264HD,0.07062152317100436,0.9017401402637152,0.02525689106667779,0.002286975032693883,9.447046590880873e-05
N4985HD,0.4487215088268151,0.5429551964793908,0.00556928560012129,0.0023247719310143084,0.00042923716265846743
N5368HD,0.008891213739689832,0.10928425579916316,0.2961514108936304,0.5452363403742454,0.040436779193271224
N5371HD,0.8553524949716337,0.13709944245373645,0.00682004909859753,0.0006537720514141821,7.424142461815464e-05
N5372HD,0.7417121415001959,0.2517162994754634,0.005911422478499175,0.0005712151492921225,8.892139654939342e-05
N5373HD,0.4771994794364125,0.5185899982657831,0.003708673215863775,0.00041313163436636457,8.871744757425496e-05
N5374HD,0.8821392643162366,0.11569448098772658,0.0019522991700355132,0.00016090307047910736,5.305245552203711e-05
N5377HD,0.8375254620518096,0.16024915864709469,0.0018285038340187239,0.00034407045204110716,5.280501503579808e-05
N5379HD,0.7297718434931841,0.26401505885855553,0.00409126155470984,0.0020693618931348396,5.247420041570729e-05
N5381HD,0.02904090592376037,0.48632750832182303,0.16747708526696506,0.24103050634599973,0.07612399414145174
N5383HD,0.08032603678263342,0.5299387059949913,0.3268455779853378,0.057854660387324085,0.005035018849713464
N5385HD,0.6892945539047131,0.2947411552621008,0.014991195153538328,0.0009015356312548579,7.156004839298366e-05
N5387HD,0.03957287720377035,0.5860742613728112,0.22331627234047885,0.09959939538551556,0.051437193697424145
N5388HD,0.08716433267787946,0.4519472999542556,0.14580963323466983,0.30123123652115186,0.013847497612043253
N5389HD,0.06562073435452935,0.4290249458874723,0.4928346038158324,0.012264652268673886,0.0002550636734921387
N5391HD,0.6310635371945609,0.341271294047831,0.024339138108132673,0.0024727347680366394,0.0008532958814387243
N5393HD,0.4950874240277824,0.4846275621121185,0.018565201473950865,0.0016114890770572436,0.00010832330909091459
N5395HD,0.7919290732786239,0.1945722329640131,0.01173483960738948,0.001281744704645401,0.0004821094453281581
N5397HD,0.81722572834899,0.17334459216267473,0.007744709138310023,0.0013771319371548795,0.0003078384128704118
N5398HD,0.8162473459102231,0.17535447673843257,0.00693154970974084,0.0012317319537880746,0.0002348956878153575
N5386HD,0.3135023963617715,0.44632103869699885,0.2389866672276551,0.001102746309110551,8.715140446398277e-05
N2483HD,0.7716691666580237,0.20556524104144808,0.01918992861841805,0.00351750692920389,5.8156752906316614e-05
N5402HD,0.8384787150451259,0.154652995825301,0.006308289346022411,0.0005036357793938521,5.636400415684463e-05
N5404HD,0.7625873270623084,0.21065093255514897,0.023984800917336905,0.0020583562380466465,0.0007185832271591655
N5405HD,0.9349054070769138,0.06312160312236459,0.0017473395844389925,0.00019909510366890526,2.6555112613709864e-05
N5407HD,0.3834974190388995,0.5335523813269236,0.0647165217252807,0.014811999873952597,0.0034216780349435342
N5414HD,0.5018813709384259,0.4945176940339818,0.003344052543239122,0.00021122828949123756,4.5654194862005736e-05
N5415HD,0.7257189795918538,0.2691248027527015,0.00432802372681939,0.0007239651657763603,0.00010422876284886634
N5416HD,0.5392743410130317,0.4500490903684806,0.010283137644522176,0.0003207352220048824,7.269575196055064e-05
N5421HD,0.7660978502028819,0.2253636823696489,0.006945950218858287,0.001260919541714324,0.0003315976668966538
N5430HD,0.8688835497191469,0.1298519088511102,0.0010025062728111858,0.00023343904152359164,2.8596115407968608e-05
N5431HD,0.39417151105372766,0.23160283615574614,0.371861852943128,0.0022772065044928632,8.659334290542083e-05
N5432HD,0.7481489527013143,0.2481835649130339,0.0028973897671405796,0.0006737552292188202,9.633738929232263e-05
N5437HD,0.7237547805554801,0.2684229873743102,0.007431066394929464,0.0002795266587190958,0.00011163901656111742
N4225HD,0.21854140300356156,0.6215214704170142,0.12579708614696877,0.033113918390308104,0.0010261220421473544
