ncode,proba_0,proba_1,proba_2,proba_3,proba_4
N4541HD,0.3219648345421615,0.5818462096622665,0.08806955806666228,0.00747693567355211,0.0006424620553576061
N4397HD,0.015566885104824665,0.13126350938799267,0.2373931797638312,0.5454844541178253,0.07029197162552611
N4544HD,0.8192833774539574,0.17329447811565674,0.0057530066901241225,0.0014797586533398448,0.00018937908692177947
N4545HD,0.1361736545794526,0.489067709135523,0.23612421461355299,0.101771353706348,0.03686306796512356
N4546HD,0.6856264074747164,0.30884845073993505,0.004941184571526139,0.00048585910469929757,9.80981091231976e-05
N4550HD,0.8120552895034447,0.18070084234048234,0.006484997477745744,0.0005572791987841326,0.0002015914795430943
N4551HD,0.7122201518041626,0.2726337210759917,0.01365556376628954,0.001281522953526166,0.00020904040002989806
N4554HD,0.23289036429834714,0.6276306903204605,0.10259869765347632,0.030871945662229474,0.006008302065486581
N4555HD,0.7949581487872006,0.1852685171309062,0.014961303159025033,0.004553898898078325,0.0002581320247899004
N4556HD,0.33599232751818586,0.41042779426330434,0.22816804610878888,0.023517502450050617,0.0018943296596703742
N4563HD,0.4153649295479253,0.4425290165626963,0.1309737944324862,0.01060830995711021,0.0005239494997821198
N4567HD,0.7252411549768287,0.2578670642915317,0.01199260420829902,0.004489315125007935,0.00040986139833264305
N4561HD,0.7496101849901307,0.24643468215637346,0.0026502452892410203,0.001195638118418835,0.0001092494458360387
N4571HD,0.30501155036750416,0.6008306137475982,0.08440315373787155,0.008443928111391961,0.0013107540356341668
N4574HD,0.99567276385353,0.00310565522765684,0.0009534187794528546,0.00022256994918133484,4.559219017893428e-05
N4575HD,0.6509440013067769,0.3220680863425213,0.022980450319640938,0.003251115053547215,0.0007563469775134861
N4579HD,0.1044795271947545,0.4336601713584885,0.35867955895572257,0.07377467399211024,0.0294060684989242
N4581HD,0.775881379197774,0.21129949472313883,0.009442199547451622,0.0031255205048073926,0.00025140602682809094
N4584HD,0.8061121366351175,0.1885967037578523,0.004330079087322391,0.0008570249658791413,0.00010405555382851519
N4578HD,0.7684975768608995,0.2153105887642679,0.014282830221385684,0.0017095548674681323,0.0001994492859789058
N4590HD,0.035650756082017974,0.9609800437916421,0.0031508207812597565,0.00017440592249149891,4.397342258852081e-05
N4593HD,0.13718694216697536,0.4675374639244551,0.23728958906025532,0.1435167297616769,0.014469275086637345
N4151HD,0.21045154551988535,0.3753217140697439,0.2959326783949578,0.11723028301757338,0.0010637789978395495
N4594HD,0.8282512627732947,0.1618608677796448,0.008980948291579997,0.0007463245465802603,0.00016059660890018935
N4600HD,0.7005701026120648,0.286576710919804,0.010739243135022877,0.001945129167102875,0.00016881416600539198
N4605HD,0.3650243512040962,0.2490845394069622,0.32460729744946953,0.05735495422768694,0.003928857711785045
N4612HD,0.422031872651194,0.4902355056534096,0.07059902684981566,0.01660581584983829,0.0005277789957424921
N1701HC,0.11135262512887367,0.4701695199715549,0.342011902229072,0.05536960273941528,0.021096349931084238
N3705HD,0.006895166731742053,0.03716350713510441,0.31231376314797077,0.23220497557395553,0.41142258741122717
N4589HD,0.6138210469980382,0.348548418876919,0.03316302705762535,0.004232769492289702,0.00023473757512768557
N4339HD,0.9104860614673335,0.08293101432379968,0.0058079288083797516,0.0006264315408485582,0.00014856385963867786
N4615HD,0.009235964889705019,0.05547104578925602,0.3466492166393754,0.4380077023216855,0.150636070359978
N4618HD,0.830153650486503,0.15833362279472257,0.008800421523502,0.0023999468377181627,0.00031235835755428614
N4624HD,0.14315178606352827,0.852627987954854,0.0037388126340428787,0.0003980602421504619,8.335310542456994e-05
N4626HD,0.662182708421996,0.2998153052737892,0.02858072703951577,0.008701768611320252,0.0007194906533790031
N4628HD,0.26915636894594486,0.5474767332362301,0.16737818283474418,0.012136592660344286,0.0038521223227366637
N4638HD,0.017495983174215753,0.07069612442879211,0.2796013937986523,0.5243682189095314,0.10783827968880834
N4639HD,0.6060645067802954,0.3050938112955743,0.07463900919465373,0.013273703021519177,0.0009289697079574987
N4642HD,0.8605093040421226,0.13016373583978827,0.008358725557178358,0.000838383492991435,0.0001298510679193439
N4646HD,0.9914077310922302,0.006910578235676277,0.0012449545482782,0.0003927955625517206,4.394056126372903e-05
N4631HD,0.8955676626896899,0.0969128330454464,0.006727883401687924,0.0006879394834908972,0.00010368137968472034
N4656HD,0.03290712050528093,0.2676166972699803,0.49607176213609344,0.13987694470891612,0.06352747537972918
N4658HD,0.7677750742758173,0.20924479744177954,0.015632344134221324,0.006864485488785097,0.0004832986593966921
N4661HD,0.6843165299836618,0.28319290060423236,0.021184660298793186,0.010863025230581866,0.0004428838827307173
N4665HD,0.8140681200108313,0.17835841494701965,0.00663512545374892,0.0007410725192346071,0.00019726706916550288
N4667HD,0.6734893280357489,0.3108934374410163,0.01442242379167595,0.001070438179851385,0.00012437255170758322
N4669HD,0.5845748371240626,0.3758922733988653,0.03716327428759134,0.0019986477773113955,0.00037096741216939046
N4673HD,0.23298922803704042,0.5958860927807493,0.15360710640775616,0.011531651107946033,0.005985921666508112
N0760HD,0.16747379154003908,0.7386523894711923,0.08634609147923229,0.006182993355441126,0.0013447341540951136
N4672HD,0.7140165203456295,0.19634506851090427,0.07449972244783919,0.014402469235296098,0.0007362194603308837
N2593HD,0.7935502543212359,0.20238650161109603,0.0026500171895170385,0.0011716293261609554,0.00024159755199000017
N4677HD,0.5805001965582219,0.34147784048486274,0.07056158122668911,0.006786327873397881,0.0006740538568283103
N4680HD,0.5383155371350217,0.39265553904164,0.0594521872857591,0.007993024291573938,0.0015837122460051662
N4688HD,0.02681049154858319,0.06157624152625734,0.14467062823899826,0.7395706790624715,0.027371959623689702
N4689HD,0.9311625321422323,0.0599345406497438,0.007398820284261993,0.0013705679506272922,0.00013353897313431545
N4691HD,0.11928978501887269,0.42196777061145085,0.3587754188325123,0.07356932732776206,0.026397698209402076
N4692HD,0.6176587028096875,0.2966703921311961,0.06938561158009926,0.013030094678738747,0.0032551988002785448
N4694HD,0.08536759736553565,0.4174809943049585,0.3539489476127544,0.09461727326018456,0.04858518745656701
N4695HD,0.3598849886431937,0.5737307933912136,0.06045901397065454,0.005479057644402791,0.00044614635053556934
N4699HD,0.5205717983589427,0.46386848820098187,0.013781594137703853,0.001408030951616104,0.0003700883507554661
N4703HD,0.49731759872037656,0.21792572274176394,0.164850234916852,0.11438456143662705,0.005521882184380475
N4704HD,0.005439315608397498,0.006584787050776351,0.4599268286472044,0.5092193298744151,0.018829738819206687
N4708HD,0.7834078276627272,0.20627253914303456,0.007355706716475719,0.0026956929717141323,0.00026823350604856296
N4714HD,0.6703537336341863,0.2877536011607147,0.02382896171596069,0.015201119037933423,0.002862584451205012
N4721HD,0.24050954394061042,0.5443622247386746,0.16453937737395402,0.027928921059910624,0.022659932886850205
N4722HD,0.9304064376189487,0.06631545565468988,0.002543183460311424,0.0006020367719622466,0.00013288649408762588
N4724HD,0.5799849217350995,0.3964574096095566,0.021212107976981677,0.001991261085348236,0.0003542995930139253
N4726HD,0.015365487023179131,0.9508953268955336,0.03301528768238467,0.0005678700964603066,0.0001560283024421471
N4735HD,0.8973080547888624,0.09251398753819813,0.008920757881706771,0.0011448826935778608,0.00011231709765488613
N4063HD,0.2241407992135795,0.5485958150411966,0.17417674966889882,0.046017039467621014,0.007069596608703959
N4712HD,0.7937312020924194,0.1956808204981272,0.006890227921132585,0.003304502189798116,0.00039324729852268677
N4738HD,0.26552375774621617,0.5557868127777886,0.15650277848850858,0.021128220569163223,0.0010584304183233278
N4740HD,0.13102820737463716,0.2706392626750232,0.39684472835538476,0.18592504338432103,0.015562758210633696
N4742HD,0.03781390959948485,0.2361305881563319,0.4613421000152707,0.2142977257885526,0.05041567644036
N4745HD,0.7553184636137923,0.23496056287627703,0.0072691099232216365,0.0021598216884647376,0.00029204189824427377
N4747HD,0.8924049955299383,0.09865787257850461,0.00566885162007886,0.002531305824963494,0.0007369744465147747
N4750HD,0.7114807421293927,0.26896113763652885,0.010825776918291688,0.007722581503286767,0.001009761812499992
N4752HD,0.013400628766254875,0.12195004279020946,0.3610026946291311,0.4885024001046294,0.01514423370977522
N4754HD,0.7529868596510517,0.24137334114552145,0.004874583560045766,0.0006369496192498506,0.00012826602413112208
N4755HD,0.2577568034875498,0.567085356839859,0.15104550611005588,0.02121036420123837,0.0029019693612969133
N4756HD,0.5932968805125022,0.3778171253539469,0.023998391304208517,0.004532539140210984,0.0003550636891313652
N4757HD,0.8700638989073702,0.12603809803185315,0.0031389189347317725,0.0005423638044618404,0.00021672032158302643
N4759HD,0.4237022098197658,0.5047710285482785,0.06605822330181041,0.004980126729946637,0.000488411600198718
N4762HD,0.6325127370924772,0.3367568659851804,0.026878575221181544,0.002993941856073082,0.0008578798450876411
N4763HD,0.5520806462942668,0.37450989927547934,0.052369617901922086,0.016509353314439163,0.004530483213892668
N4767HD,0.7096772102712666,0.2748451375142718,0.009493098493420948,0.00575519355088315,0.00022936017015741996
N4769HD,0.3243571220475948,0.451018038231783,0.17192647595910424,0.04947095709858687,0.003227406662931046
N4770HD,0.8769401065490496,0.10971682224035054,0.009085262987831183,0.003796943726285589,0.00046086449648318
N4676HD,0.2290741228012164,0.320258374654711,0.3574402499727777,0.0900092034324823,0.0032180491388126256
N4614HD,0.5951220912969162,0.3502239626907762,0.04776677292396829,0.006184199196949414,0.0007029738913900337
N4774HD,0.39113816255045175,0.482762313510509,0.10601631254020515,0.017634155301546113,0.002449056097288064
N4778HD,0.09253119760735402,0.21375396243379013,0.24146978968809404,0.42600559862197984,0.02623945164878202
N4780HD,0.004165263913807159,0.020707550079051163,0.24884945042579687,0.33172455563645875,0.39455317994488603
N4783HD,0.6282882943813897,0.33796203237844297,0.03085841905496503,0.002371451531895026,0.0005198026533073521
N4789HD,0.8049453970517091,0.18095671719072545,0.011921857477734962,0.0014920674485977782,0.0006839608312325926
N4792HD,0.17669074353966496,0.8171130181866185,0.0051696362169710115,0.0009252357788014318,0.00010136627794411169
N4793HD,0.021881374452190107,0.8814159453797128,0.09155148623630976,0.0035843661854712146,0.0015668277463158397
N4794HD,0.026905843993463432,0.12689956469235025,0.3165447057295122,0.5109959655320986,0.01865392005257549
N4799HD,0.5921859103869466,0.3901256816650611,0.016678053023431918,0.000838223415447354,0.0001721315091131868
N4800HD,0.9741174276008722,0.023373301928183432,0.0021604909074822605,0.0002657710469925928,8.300851646949474e-05
N4808HD,0.024173872826825774,0.9738043546223637,0.0017877695127672018,0.00019631177679196464,3.769126125126318e-05
N4809HD,0.7003116184289548,0.2640817573653618,0.028167066864485703,0.005039021528267561,0.0024005358129300563
N4634HD,0.3970901932917152,0.4899034768271724,0.09399431733966565,0.018406771318039236,0.000605241223407702
N4784HD,0.925066064381335,0.0731964344309173,0.0014084265944476727,0.0002644416087455751,6.463298455435563e-05
N4815HD,0.902756362653097,0.092807053437018,0.0038315585270846685,0.0005262892947477362,7.873608805259886e-05
N4816HD,0.8456804358493297,0.1419672161677244,0.009685285147929374,0.0024847043993537405,0.0001823584356628971
N4817HD,0.39512575240208775,0.518268338271438,0.07589943830188355,0.010220718200916475,0.0004857528236740651
N4818HD,0.8267234338803545,0.15659829042670742,0.01014904535752652,0.006154406683557774,0.000374823651853683
N4821HD,0.012959185992925578,0.9836873373685134,0.0029824533901429704,0.000316512287608617,5.451096080923183e-05
N4830HD,0.9123541869077954,0.085085356357193,0.0019521684238426023,0.0004906424271042263,0.00011764588406487936
N4748HD,0.7645734955724025,0.21619871920910574,0.015992181252555568,0.0029319010298793848,0.00030370293605688737
N4684HD,0.7495742965026329,0.24305400074949285,0.006578427308568462,0.0005969774361770072,0.00019629800312870852
N0389HD,0.0017267687828211153,0.9918688746730814,0.00598405452368923,0.0003516658693551033,6.863615105317867e-05
N4796HD,0.5760769785280448,0.34696959753478007,0.06466264449766261,0.011789881172981728,0.0005008982665308621
N4834HD,0.004734210556013305,0.0069860743581982585,0.6190048468578473,0.3461714220987575,0.02310344612918374
N4835HD,0.029336039871528583,0.9670509718143769,0.0031561946719698654,0.000364156372073527,9.263727005121243e-05
N4837HD,0.40970323380874885,0.5831169379157887,0.006227307351061898,0.0008240006079319091,0.00012852031646865708
N4838HD,0.017320333657801504,0.9816189105228125,0.0008713790276267889,0.0001625318268698402,2.6844964889542962e-05
N4839HD,0.00966152835117403,0.2840549122049813,0.6839655459487153,0.021067550177706135,0.0012504633174233
N4842HD,0.7585752747878067,0.21272348867323682,0.025720433305672506,0.0026335437668820404,0.00034725946640200956
N4844HD,0.9692600739197004,0.02843850586159057,0.0018610889558002062,0.00038024253453541445,6.008872837337339e-05
N4846HD,0.0951937593411582,0.5301556312326807,0.2628397578501932,0.09614564658864153,0.015665204987326393
N4847HD,0.8063479356527368,0.17605221992403697,0.01569428287069253,0.0014034263307112157,0.0005021352218227114
N4849HD,0.3694992171907166,0.5633395530123088,0.05732872211491781,0.0076014001946487246,0.0022311074874081815
N4852HD,0.021458372459161622,0.33912575125759425,0.581429558831255,0.05401603778481362,0.0039702796671754826
N4853HD,0.6693370379530883,0.29962501071942077,0.02879026795696555,0.002006926225495138,0.00024075714503043777
N4856HD,0.689467988920897,0.3024173355544865,0.007154710468317027,0.0007991430233994366,0.00016082203290009977
N4858HD,0.6176037495716826,0.36643641302672597,0.01371470753887177,0.0017722226931014512,0.000472907169618097
N4860HD,0.31888711657808766,0.6329798171139823,0.03864205569622737,0.0069169837673767965,0.002574026844325762
N4861HD,0.8046780807190295,0.18823660554851904,0.005873415676379319,0.0009933429353866522,0.00021855512068562268
N4863HD,0.5917426177323173,0.40334488876628155,0.0038860789937401542,0.0007394510588923126,0.00028696344876870584
N4864HD,0.7164327408378234,0.265262921619754,0.01621829196360346,0.00164015435898599,0.0004458912198331102
N4866HD,0.8763005538697556,0.11215173689842388,0.008760993760578368,0.002491766543532035,0.0002949489277102828
N4012HD,0.680086043615409,0.30252736177947015,0.015771608099685527,0.001389798675512766,0.00022518782992270197
N4825HD,0.3112934035441148,0.5722213050316479,0.08478577775507339,0.024719401825410665,0.006980111843753315
N4875HD,0.03555972405063087,0.4609346279540756,0.40436182598407905,0.09332041240942517,0.005823409601789372
N4878HD,0.01695862759059435,0.12995023980283088,0.4146519930540385,0.2857395739162528,0.15269956563628337
N4883HD,0.020598597850746657,0.380798491418259,0.5197202062144483,0.07717049841219578,0.0017122061043505098
N4884HD,0.6479060262137413,0.34035721317736795,0.010019609527196585,0.0015477879991218206,0.00016936308257219456
N4887HD,0.7476519116935478,0.24058115739126404,0.010390522967519253,0.0012338167216346502,0.00014259122603431457
N4891HD,0.5762887920812516,0.3829065259528461,0.035001432343215996,0.0054443600010845895,0.0003588896216018535
N4892HD,0.09044474358356004,0.8905417964175435,0.01741762743704685,0.001286051886852319,0.00030978067499736297
N4895HD,0.8949612973017603,0.09943696155207488,0.004189829993102472,0.001202240133584543,0.0002096710194777765
N4899HD,0.6983543326427825,0.29689050986592513,0.003974230021811238,0.0006093495853532683,0.00017157788412800875
N4898HD,0.4668942660748663,0.4859141784098971,0.04568342177057212,0.0011444560063602366,0.00036367773830441985
N4902HD,0.3961599772520556,0.48022945694669633,0.10767285507248259,0.0136503302240746,0.0022873805046906785
N4904HD,0.1708854152256559,0.6530138373541623,0.15363914492762099,0.018147732430618093,0.004313870061942728
N4906HD,0.7722086077100392,0.20737339022015724,0.015556503061532377,0.0043469274683989294,0.0005145715398722968
N4909HD,0.7196241768568838,0.24230825473890932,0.03458062864048585,0.0030176660948895155,0.00046927366883158336
N4912HD,0.6152098718275057,0.3637318133121629,0.0183790122404876,0.002431165232167266,0.0002481373876763365
N4913HD,0.703482137089045,0.2792172550189765,0.013273446665928331,0.0037972999727325114,0.0002298612533175803
N4914HD,0.22131351166034594,0.48164425815483797,0.2810610638858304,0.015228478298609458,0.0007526880003762446
N4908HD,0.7137008846654562,0.2800806782985567,0.005257152205441212,0.0007783213350140685,0.00018296349553184957
N4937HD,0.7445391990625229,0.2498743053634382,0.004741630331708259,0.0006173118155156632,0.00022755342681498908
N4938HD,0.8347028525361172,0.15694467850042612,0.007782612061823845,0.0004797012552895642,9.015564634323305e-05
N4949HD,0.9770953799904422,0.01654830278653465,0.0054877066059671464,0.0007759924500539699,9.261816700200875e-05
N4952HD,0.7233573315278283,0.2653551258359514,0.008827119492203285,0.0021622310982432422,0.0002981920457737032
N4954HD,0.694822082490141,0.29110827867878986,0.011629156582802285,0.0022542822592241493,0.00018619998904284403
N7917HB,0.8813697097730412,0.11442633641804725,0.0036447144245804392,0.00048063920098536045,7.860018334563758e-05
N4951HD,0.8856904005168544,0.10975166766547104,0.0033494464677933976,0.0010593566638100005,0.00014912868607124135
N0385HC,0.13193487843259447,0.6878717973753262,0.1254749742842515,0.049051378434830574,0.005666971472997119
N3920HD,0.748182220835717,0.2155965980189642,0.033488055739097654,0.00240398980072332,0.0003291356054980357
N9498GW,0.7674268801263623,0.21868567275082498,0.011357620551187176,0.0023984494563348926,0.0001313771152906935
N4961HD,0.8677627199851005,0.12912681116019498,0.002061683083633117,0.0008333513325598688,0.0002154344385116572
N4965HD,0.5256918330642849,0.4247795386520558,0.03179308365120918,0.017061849303519762,0.0006736953289302316
N4967HD,0.3906436131537948,0.574690320040103,0.02428895648816747,0.009583172292795842,0.0007939380251389012
N4968HD,0.2622770631468006,0.4545879743632791,0.22345256040211176,0.05773804403673268,0.001944358051075662
N4973HD,0.7476320247308652,0.228931533586001,0.01809866179271388,0.0051360852255358845,0.0002016946648840075
N4976HD,0.007548303699514241,0.4358014818759452,0.524567345710421,0.0309427667235087,0.001140101990611042
N4977HD,0.8979707253761652,0.09911833298195899,0.0024632370509679643,0.0003672595006073992,8.044509030020426e-05
N4978HD,0.6439460509534773,0.32467592032406783,0.022809865115867127,0.007507796213072397,0.0010603673935150445
N4982HD,0.12233942932603213,0.6975173010574585,0.14325634495243042,0.030889341249375042,0.005997583414704024
N4983HD,0.27184875393943003,0.5897960834671097,0.10196928183725622,0.035286244129242104,0.001099636626961883
N4984HD,0.9015728944759989,0.09253565004403248,0.004490114603293118,0.0012147526048983308,0.00018658827177702066
N4992HD,0.0071168405492260415,0.1717939701755254,0.06436740831373529,0.6674309605907538,0.08929082037075954
N5000HD,0.5020093248126877,0.4425633233877421,0.052447204596898285,0.002649502957682438,0.00033064424498961345
N5006HD,0.5329084812908933,0.428990000800406,0.03531284858971584,0.0023019793909372405,0.0004866899280476442
N5007HD,0.7737374684257396,0.2132178345724631,0.009661595752696732,0.002860410425471727,0.0005226908236288513
N5008HD,0.7519607397031342,0.2207473489815022,0.02203765054181258,0.004335752164480848,0.0009185086090699839
N5011HD,0.6462208536174765,0.30831220971288525,0.03944328591449051,0.005014740247215175,0.0010089105079324758
N5020HD,0.771849586795766,0.20425267090443322,0.02132191301152641,0.0019275586908453714,0.0006482705974291344
N5024HD,0.8096171282891027,0.18356410654277427,0.005561235278868784,0.0011195191068165864,0.00013801078243772105
N4826HD,0.8513845914175368,0.14636175935829626,0.0014374209967937743,0.0006499035470050727,0.00016632468036820053
N5032HD,0.8261518169024918,0.16318499388205818,0.005456860295475609,0.004846301933973004,0.000360026986001293
N5041HD,0.8494633316152567,0.14172382768643593,0.0068978362274472686,0.0017275358613593832,0.0001874686095005046
N5043HD,0.9768014674422264,0.02127258775513923,0.0013712662178088247,0.0004954635997388648,5.921498508652956e-05
N5044HD,0.2004209064390521,0.5881503488164872,0.1824217486087106,0.021472944440143037,0.0075340516956069435
N5045HD,0.7849954254407261,0.20710650259811755,0.007216552846778253,0.000450727776657093,0.00023079133772110853
N5004HD,0.6579395673895587,0.31319496618969883,0.020438229447366882,0.008112696964648622,0.00031454000872678105
N5055HD,0.4320745466493373,0.43509164807057255,0.09103493224315132,0.038335384843532626,0.0034634881934061347
N5056HD,0.1798265242941277,0.5232761418113961,0.24375909001262328,0.04988482357005102,0.0032534203118018356
N5057HD,0.7711652913263155,0.22293530777856221,0.0050752908776827916,0.0006319133051029903,0.00019219671233637993
N5059HD,0.7086749279290514,0.2498671881657286,0.03501695074907705,0.0059507671041186165,0.0004901660520243446
N5061HD,0.5041110741875615,0.4540539900110997,0.03307003814728184,0.008090053957721405,0.0006748436963354737
N5018HD,0.9464489288841238,0.05024729511436921,0.002658743513674559,0.0005274198153910616,0.00011761267244140669
N4896HD,0.49097103190160324,0.44001874497742666,0.05794411193584875,0.00980285057828924,0.0012632606068321837
N5064HD,0.8208713107216178,0.17010391912580844,0.00783838801607164,0.001083655507879814,0.0001027266286221732
N5065HD,0.6490015556502365,0.3038465859678364,0.04204032141901355,0.0047720887562072165,0.0003394482067062709
N5067HD,0.2343214092529809,0.6237571988012184,0.12791509009275834,0.01152575514902281,0.00248054670401961
N5070HD,0.015447268343523083,0.7302062693378552,0.24874842139576975,0.005079141492504862,0.0005188994303469416
N5071HD,0.8357515492102774,0.1594069857094323,0.004042867458737303,0.000639467661586251,0.00015912995996657402
N5072HD,0.7258720906923911,0.2591908704263602,0.01360990476986962,0.0010373282174672945,0.0002898058939117253
N5074HD,0.677291900382203,0.3048177202762452,0.015242199837969239,0.0022668863094935086,0.0003812931940890296
N5075HD,0.9852215920288963,0.012151896341942527,0.001939384219127483,0.0006035278026930308,8.359960734070275e-05
N4923HD,0.71597720434171,0.25783916877638885,0.021238214464758463,0.004688986983800792,0.00025642543334183877
N5076HD,0.8314894308592418,0.16276257371981048,0.004926921068258585,0.0006933141967084186,0.00012776015598073474
N5079HD,0.19622941562455404,0.5138149906685425,0.2204066775090677,0.06624519674031047,0.0033037194575252435
N5080HD,0.43224094766445476,0.5091612663468954,0.042552057655777395,0.013012102481149012,0.0030336258517235544
N5082HD,0.5393041690307491,0.3909198553327807,0.04939094219446404,0.019136695730280765,0.0012483377117254613
N5083HD,0.7031048778248461,0.27126547327682204,0.02320499095940916,0.0019523996237826027,0.00047225831514011065
N5085HD,0.7375097901966768,0.21380569736224703,0.042665384642708436,0.005683658951792001,0.00033546884657583803
N5051HD,0.16026880861501777,0.8361999433250791,0.0031568578922260985,0.00028951141902253027,8.487874865469985e-05
N5039HD,0.062488175547695445,0.5530447485239403,0.26366759773765025,0.11395537727905096,0.006844100911663105
N5088HD,0.9817619209767172,0.01401658616548545,0.0037255920820619777,0.0004380953825435805,5.7805393191842e-05
N5091HD,0.07883418340134635,0.9186740295894893,0.0020919872188649566,0.0003279934500384206,7.180634026107418e-05
N5093HD,0.008878374624548371,0.02682292631277059,0.17968117832418573,0.7615745988326694,0.02304292190582595
N5100HD,0.028079069196213766,0.08586410706232397,0.18654398807780814,0.6792755202054275,0.02023731545822681
N5103HD,0.029619817148536367,0.2858230874774837,0.3994463992262278,0.17922414549793783,0.10588655064981431
N5104HD,0.9885199678820566,0.009599904528951651,0.0015912018642956075,0.00024267187237757003,4.625385231860571e-05
N5105HD,0.6377162294930573,0.2412055180709754,0.07021927411012362,0.04917267518569571,0.001686303140148001
N5106HD,0.7017365904248418,0.2793116729867871,0.01640770015161052,0.0021380940776763867,0.0004059423590841561
N5109HD,0.6926989115351952,0.29982968234160984,0.005777294106022275,0.0014460043151320245,0.0002481077020405548
N5112HD,0.4269530800802826,0.43441601471696517,0.12891180502256036,0.0069192555229952,0.0027998446571966948
N5115HD,0.8865353471822036,0.10508462061534093,0.007229094707991597,0.0009391514517390255,0.00021178604272456498
N5120HD,0.020417187538665334,0.19386481851898557,0.3410463178430579,0.3728222195399987,0.07184945655929245
N5121HD,0.6811675839715038,0.2882984207143502,0.020482383905271632,0.008970812077655732,0.00108079933121879
N5122HD,0.4732478693173885,0.43149944562772496,0.07962493786115246,0.013698762971535255,0.0019289842221988259
N8305HB,0.7257287471015686,0.2616838949650757,0.010420327004060304,0.0019225730493117254,0.00024445787998344246
N5126HD,0.064506447829239,0.2706128394658929,0.30251658331063463,0.22189535339544061,0.14046877599879282
N5128HD,0.7573037587221976,0.2339233495939236,0.0075210184590456175,0.0010522586866374365,0.00019961453819576305
N5133HD,0.08328108342235704,0.37912707464731255,0.3166106594841711,0.20219393066242916,0.01878725178373037
N5135HD,0.8469268203700425,0.14750202775954244,0.004426898970714555,0.0009912659813477807,0.00015298691835257818
N5143HD,0.783595995845357,0.20882511662026823,0.00658519287576618,0.0007363556736980725,0.00025733898491051065
N5144HD,0.5979610701809216,0.33733460756017314,0.05223621436068172,0.011402154166896182,0.0010659537313273874
N5149HD,0.24729298963543062,0.5909116740424205,0.12229976000637718,0.036207714328257284,0.0032878619875143142
N5152HD,0.4876818315536656,0.4578286710922962,0.050064528024882746,0.003947472981490698,0.0004774963476648058
N4394HD,0.2879569986291479,0.43180031597572754,0.1295162420987029,0.1387364171346799,0.011990026161741744
N5029HD,0.2100958111726279,0.5713995950295329,0.17824868357177776,0.03616573696213084,0.004090173263930638
N4368HD,0.9370405204473028,0.06095121092116518,0.0016206755021084295,0.0003377962454845458,4.9796883939079514e-05
N5013HD,0.14696197185299134,0.6615072876382844,0.16656243117402092,0.01816317327651062,0.006805136058192771
N5153HD,0.48291470615455423,0.4541535962269861,0.05365664494263719,0.00855586384249229,0.0007191888333302134
N5157HD,0.6439524779473466,0.32553078607809904,0.02767079266949966,0.0025984287707088555,0.0002475145343458198
N5170HD,0.8164167455844181,0.1656004465754893,0.011890150527970926,0.0049863207831130334,0.001106336529008481
N5172HD,0.6513076094624496,0.2891574915289734,0.047682694239415915,0.011166293014507096,0.0006859117546538003
N5173HD,0.697086902624082,0.2634461073233463,0.03649864106603394,0.002772360895445065,0.00019598809109276557
N5147HD,0.4486793030377447,0.45015551142615473,0.09190206326665774,0.007929013184291164,0.0013341090851514725
N5178HD,0.8585760061185538,0.1320845185253174,0.007582693867981675,0.0015842653772243464,0.00017251611092294748
N5180HD,0.6022494696509622,0.3747407173407831,0.020364890684717425,0.0022429234559864205,0.00040199886755095554
N5181HD,0.4369004615488917,0.46914450898284393,0.07765969203330142,0.014898593544420457,0.0013967438905425416
N5182HD,0.6937222077067152,0.29051304490709673,0.013369030520232068,0.0021830755279427586,0.00021264133801331283
N5183HD,0.011697479432887124,0.9794430101502395,0.008350246230598683,0.0004400844525482404,6.917973372651986e-05
N5185HD,0.49564584965608205,0.37071116653665553,0.09623259169738266,0.0342848529660407,0.0031255391438390766
N5187HD,0.1570007010380522,0.5318943665493662,0.17510777358325968,0.12237182053554549,0.013625338293776528
N5188HD,0.10721973012397733,0.2639535171865185,0.29737847796304506,0.32513093960806005,0.00631733511839912
N5190HD,0.022264974676785936,0.2577832098069326,0.326126275709438,0.3498551212985107,0.043970418508332755
N5192HD,0.39409934962042475,0.6010952586617184,0.004131920916121257,0.0004703426865084516,0.00020312811522716503
N5193HD,0.5823984029824251,0.39397319656639557,0.021165901297773668,0.002205817876733235,0.0002566812766724332
N5197HD,0.8749792345347857,0.12146404277057715,0.0029334485244585425,0.00048625753974481224,0.0001370166304339107
N5198HD,0.2970532484002457,0.5059554036689587,0.16634357504698252,0.02895493763979255,0.0016928352440204993
N5199HD,0.7742687507781377,0.19963669407042123,0.023896017801614527,0.0019411968458154809,0.00025734050401102383
N5200HD,0.7542852304976535,0.21646945555970973,0.023879728399572808,0.004937473823930254,0.0004281117191336524
N5203HD,0.012273852135991713,0.041024629872244506,0.27625837713206797,0.6362738591582339,0.034169281701461975
N5209HD,0.164566628746706,0.504661499765813,0.16320740683302737,0.1637603244470408,0.0038041402074128015
N5212HD,0.8013525501984059,0.19101836834651797,0.006965358970010672,0.0005818110940681414,8.191139099735374e-05
N5215HD,0.713100094849941,0.2740525698049361,0.010305833958586077,0.002124148459416663,0.0004173529271201088
N3574HD,0.8377292758120192,0.1515852377041261,0.008375143604248191,0.0019388893546256492,0.00037145352498098164
N4760HD,0.1380522858568156,0.628187046994269,0.18391287849059995,0.044891694453655796,0.004956094204659718
N5225HD,0.8727852002602974,0.12185333891472304,0.004310512387028147,0.0009064075050962086,0.0001445409328549996
N5226HD,0.5520827523132802,0.3772256426210707,0.04801514047152358,0.02220017625811851,0.00047628833600712957
N5227HD,0.6455914126240065,0.32975998952157504,0.021503652193392137,0.002899476744253976,0.00024546891677222903
N5233HD,0.0030214295025510957,0.03476477561726642,0.3024407758793964,0.5842431798129624,0.07552983918782373
N5238HD,0.8772164454913669,0.1090391307061267,0.011211817391387982,0.0020125059300599717,0.000520100481058405
N5241HD,0.7782224670972436,0.20888726758022857,0.01007090745369844,0.00266694970991946,0.00015240815890977535
N5243HD,0.015192058439195778,0.24995991443034662,0.06841479946274258,0.6430318783894837,0.023401349278231332
N5246HD,0.7119433852983913,0.2563753245381322,0.025748790990206268,0.005064196362893541,0.0008683028103765316
N5247HD,0.004250508120549587,0.009198375845736894,0.4440204098818928,0.518209373007606,0.024321333144214707
N5248HD,0.4927074792626464,0.4576219311487822,0.04489081825393747,0.004253690392667311,0.0005260809419664457
N5253HD,0.575608855441769,0.3705864011777372,0.034118431459931896,0.017004992268711112,0.0026813196518508647
N5257HD,0.012273852135991713,0.041024629872244506,0.27625837713206797,0.6362738591582339,0.034169281701461975
N5259HD,0.044389997495828316,0.13299920336134136,0.23042433697674672,0.3804977044166451,0.21168875774943852
N5262HD,0.38697791238103596,0.5668244240149278,0.042236031765091255,0.0036770310449900437,0.00028460079395490164
N5266HD,0.706860341761438,0.2464952100688709,0.042372809839564075,0.0038314466295066582,0.00044019170062032146
N5270HD,0.6678323607929514,0.3093558196837756,0.021642715397501216,0.0009222832056049449,0.00024682092016671287
N5271HD,0.48281508712063875,0.45882788811549224,0.051208134676947105,0.006311232486306937,0.0008376576006150353
N5273HD,0.7733302908350596,0.20554298648371594,0.019348182209997778,0.001546945441771567,0.0002315950294550231
N5274HD,0.7867575950612273,0.1906745194393688,0.018388581644502838,0.003959362910368137,0.00021994094453277487
N5211HD,0.5554619973570378,0.39824478831803933,0.040394381300130164,0.00540196802203842,0.0004968650027543087
N4843HD,0.21942339742256564,0.5431681775454236,0.1987440209436209,0.02878098647728582,0.00988341761110404
N5287HD,0.5733603218856871,0.39006285886278863,0.030795178111900336,0.0055097394764705805,0.000271901663153249
N5286HD,0.08521700143602164,0.409626609453931,0.4456903256062973,0.05401714996149425,0.005448913542255699
N5292HD,0.012273852135991713,0.041024629872244506,0.27625837713206797,0.6362738591582339,0.034169281701461975
N5294HD,0.6866993457726238,0.29273405892143123,0.018756848847987347,0.0015165272445216945,0.00029321921343614473
N5296HD,0.30336342829720214,0.5194464296743652,0.12825562606589064,0.04576880050618621,0.0031657154563558003
N5298HD,0.6276038938286512,0.3514761745395128,0.015355484685970209,0.005083821058516404,0.0004806258873492226
N5303HD,0.7443771483525387,0.23913765670236223,0.013692551834941608,0.002578763294369364,0.0002138798157881976
N5305HD,0.30789302197346463,0.4524467020382391,0.19829595099576905,0.03889291813503527,0.002471406857492032
N5306HD,0.8110221813915985,0.17123700489396165,0.016744774608957024,0.0007563353067604958,0.00023970379872223925
N5307HD,0.133202072961977,0.5037438769226833,0.22217445456213386,0.11462750113259856,0.02625209442060715
N5311HD,0.6767739137196203,0.2991236381086547,0.020411412013997075,0.0033236523406197627,0.0003673838171082466
N5314HD,0.7085192408319124,0.2578967054516699,0.022239103890372227,0.010429129433808117,0.0009158203922373685
N5073HD,0.07584495150296842,0.3341330262198688,0.3791974356578943,0.19918450283334035,0.0116400837859282
N5277HD,0.1300034279203146,0.27295081526250975,0.3989004174190233,0.16485889304486478,0.033286446353287556
N4885HD,0.9828646407537025,0.014192136371229926,0.0025608521013014748,0.0003290611525829413,5.33096211832907e-05
N5318HD,0.04279679550207254,0.5408515356000356,0.3205917872401908,0.07327386548201707,0.022486016175683788
N5321HD,0.7901694820750267,0.20105079430572664,0.007954637527057098,0.0007516328141484571,7.345327804105133e-05
N5323HD,0.9555198270449796,0.04141880926385669,0.0025184492184746068,0.00039161293488114586,0.0001513015378079819
N5324HD,0.6131595829071232,0.32579097230695686,0.04979512421223317,0.00997272543872558,0.001281595134961179
N5326HD,0.7135848050178376,0.26299098299029167,0.014965991984859537,0.008030270751050913,0.0004279492559601888
N5327HD,0.5873267459260845,0.38077091844089417,0.029255893837920093,0.0022631059186052644,0.00038333587649592196
N5329HD,0.39549504313526657,0.4678071466745437,0.11673080941748532,0.017216669219388872,0.002750331553315526
N5331HD,0.7396823507798305,0.23797117008327023,0.019750580446454356,0.0023361423085550372,0.00025975638188992033
N5332HD,0.6695372003720753,0.29279434319574943,0.029020912037194636,0.007966805253392368,0.0006807391415882662
N5333HD,0.7557700531580529,0.23694571293005084,0.005502116592060608,0.0016320130454236977,0.00015010427441201866
N5334HD,0.009815041188069286,0.9889121057478086,0.0010200251719183636,0.0002252689173296537,2.755897487433881e-05
N5338HD,0.007563382865669814,0.12210274029234396,0.3139648690553505,0.45879062281717886,0.09757838496945682
N5339HD,0.11407746133043928,0.5241591341624323,0.2096266564966572,0.1262546288054118,0.025882119205059298
N3820HD,0.040419512113699985,0.2776873631359049,0.4957169543692298,0.14344986297662735,0.042726307404537985
N5342HD,0.8122640185550807,0.16974162890511657,0.01515031031803331,0.0024492248020607154,0.00039481741970880753
N5345HD,0.688959598235237,0.2768309498483505,0.024325804034293682,0.009350947804245422,0.0005327000778734195
N5346HD,0.7541174184153582,0.23706194415618853,0.007594033063390616,0.0010618764408780884,0.00016472792418460424
N5348HD,0.02481793756292417,0.11891216599471921,0.22137186700745967,0.37489307750533585,0.26000495192956097
N5351HD,0.6116301765893621,0.3606057515000338,0.024778707844644154,0.002814438610972069,0.00017092545498788455
N5354HD,0.006746877818388625,0.007362887544330192,0.5241518632222607,0.4448198142109262,0.016918557204094294
N5355HD,0.4888915122383269,0.4812794386413786,0.028156646523717993,0.0013696168480501086,0.0003027857485265503
N5362HD,0.8738004238134252,0.12281065687416674,0.002947196263892714,0.0003745637566938463,6.715929182164732e-05
N5364HD,0.7953453692561366,0.18686518107034167,0.015263474126632872,0.00219282179405355,0.00033315375283497864
N1264HD,0.0025240776506772374,0.9590979749936059,0.03701954544826473,0.0011838472736649714,0.00017455463378707387
N4985HD,0.21781199948669222,0.6200083451514442,0.1224579706437573,0.035754605366987165,0.003967079351119188
N5368HD,0.020021208932210762,0.05619981301652313,0.23414088797787846,0.6584852369568032,0.031152853116584407
N5371HD,0.6598953738328207,0.3201283284333747,0.017630002006628495,0.00215688714309737,0.0001894085840785337
N5372HD,0.6579495436035506,0.3244562723374324,0.01677664498549726,0.0007001226303638277,0.00011741644315585041
N5373HD,0.5501258986376356,0.4440718090221436,0.0040169301586350376,0.0015607292655219675,0.00022463291606377098
N5374HD,0.9169536065495258,0.07909638465665476,0.0032322171173014206,0.0006034413246198364,0.0001143503518981865
N5377HD,0.765702788228346,0.22546486919965714,0.007667625545620796,0.001002384798909258,0.0001623322274667503
N5379HD,0.7676820330569832,0.21315701302387674,0.01808951620999535,0.0009297226337807155,0.00014171507536380647
N5381HD,0.2485421511085216,0.38265146045014364,0.1875170998980719,0.15598254082433957,0.025306747718923227
N5383HD,0.04653107439402073,0.1728320124784025,0.6964468635385049,0.08041389868234712,0.003776150906724724
N5385HD,0.7583103991429027,0.2369548340374165,0.004045964897342923,0.0005917691865966764,9.703273574120539e-05
N5387HD,0.05269829526078818,0.42058502182096175,0.427658843728954,0.0809063904721424,0.01815144871715367
N5388HD,0.037900661644717275,0.15174843839370872,0.2781270429485064,0.5029593529016411,0.029264504111426594
N5389HD,0.010612439783213948,0.2909792791496047,0.683248909687029,0.014548229186192852,0.0006111421939593676
N5391HD,0.6729990195576934,0.3084212552406027,0.015683540534235395,0.002385356815818288,0.0005108278516502549
N5393HD,0.756668729318643,0.233303164757811,0.008724781619193307,0.0010230700007600583,0.00028025430359249534
N5395HD,0.575065612958914,0.34678376611158485,0.0669152916921442,0.009775086023577498,0.0014602432137794938
N5397HD,0.7522355205457006,0.23192046659997054,0.008959433663100702,0.00626034312822997,0.0006242360629980825
N5398HD,0.8049246125717421,0.18603822904107747,0.006137051214471637,0.002446771506498404,0.0004533356662105277
N5386HD,0.04272759501389229,0.49924797192150155,0.45361896579715727,0.004213067508720799,0.0001923997587282315
N2483HD,0.8085283949575219,0.17824249991820842,0.011334933097403726,0.0017885450360485312,0.00010562699081749308
N5402HD,0.6490525839467712,0.30291477004762263,0.04086652314304737,0.006695333248778839,0.0004707896137798669
N5404HD,0.625125139560948,0.33790910825837855,0.022877496457773948,0.013634122276825677,0.00045413344607395605
N5405HD,0.8169486863835963,0.16948806696664623,0.01157280590272122,0.0018173355732577913,0.0001731051737784406
N5407HD,0.2713111801835074,0.5997500651180204,0.08260054895353236,0.042466571849069074,0.0038716338958707346
N5414HD,0.34067327681351744,0.6557156099059404,0.0028868725341434647,0.0006078356951976618,0.00011640505120124426
N5415HD,0.7495312860019477,0.24513227580339017,0.0032869879072447536,0.0018124364664201206,0.0002370138209972949
N5416HD,0.7254299122868277,0.26864398185955674,0.005053099297730883,0.0006834521219125226,0.00018955443397213067
N5421HD,0.6877518848203699,0.29498994901160625,0.013791349694198709,0.0029880329074197885,0.00047878356640537474
N5430HD,0.8492833633945066,0.14657671571451522,0.0021845626977023487,0.0017529571191062046,0.00020240107416988093
N5431HD,0.02730977187302235,0.3387068671076305,0.6146672269931042,0.018403404304031666,0.00091272972221118
N5432HD,0.6432393645881846,0.33744997357383805,0.016927333918053573,0.0020653710696334295,0.0003179568502902467
N5437HD,0.7788449147596918,0.21210820094756494,0.008166467627834762,0.0007849535305799849,9.546313432843943e-05
N4225HD,0.2759553062045568,0.5639749478823575,0.14757748997783648,0.010654508828667824,0.0018377471065814327
N5123HD,0.585066898883153,0.3671143485018366,0.03318030467517428,0.014034752911584123,0.000603695028252143
